8465
5882
3361
8466
2097
6687
4605
572
6507
6895
6054
6062
5951
9300
7087
1728
3589
1224
2113
5637
5028
4335
1871
57
1146
1076
3277
8922
4841
1336
3878
1321
5841
27
3228
6345
3369
318
8869
9556
6863
3895
2003
1846
7501
8693
4426
2006
5540
4575
3813
4538
6079
326
8246
7954
65
2427
4559
493
6764
2372
5211
3465
1126
853
3357
662
5770
6159
7783
9944
1587
2807
6514
9066
1248
2517
6226
2496
6056
3500
9775
7476
1310
3598
9033
6703
7690
6144
3227
7825
2344
9446
666
1740
5504
5527
7137
5345
1692
7045
7367
8275
7483
796
7364
127
2826
3682
2396
1087
5533
3593
5055
7706
6411
3232
1673
5739
1591
6491
3680
1095
7343
4381
9173
7032
1700
4238
6288
7002
3323
3175
3494
3888
8390
9874
1811
1230
6447
7385
7434
7931
4553
2369
3294
7874
3300
4153
9842
1410
4889
6943
2137
1676
2214
8875
3455
5591
7820
9561
3784
6212
5304
7682
5391
3543
3420
9575
6684
9552
4863
7591
5464
3676
4185
1175
6715
5402
1742
5481
211
5790
770
6678
9081
7722
2216
3363
6679
5609
9607
6291
8606
2172
9259
9367
2593
6433
9363
6480
5511
5372
9417
841
5853
7769
8232
1679
2865
5235
4221
2656
5003
3121
5284
8664
2926
1684
4242
1268
46
9670
7892
500
8650
6610
5417
3102
3881
3944
2525
4195
789
5203
6523
94
675
3681
4631
6836
1928
5826
2786
5816
5674
6734
7356
1079
7774
7886
7795
7847
1945
5267
4388
2821
337
7298
5315
6765
5068
4369
5639
5730
2466
4166
2847
5324
7801
2245
1358
541
9228
9917
3401
7618
792
8994
3772
3654
8242
1598
6464
4477
7987
6481
3055
8204
6022
2479
973
8555
1549
5546
2813
8211
9558
7368
3425
8317
6255
8982
909
5828
8952
8443
8396
427
7497
382
7632
1720
6344
798
4515
4561
8941
6084
958
9746
2699
3043
2643
4905
6375
6710
9637
6127
2285
7063
1814
9594
9814
439
1939
4473
81
4322
1788
7055
4562
611
8964
5810
8499
9845
5887
704
9053
8851
1785
8328
4027
1348
3299
1320
7837
740
3830
823
4239
8175
1409
3112
7388
5400
7207
6787
1444
4624
2324
7850
9305
7229
4862
3024
5505
3797
30
9302
3166
4861
1275
2799
1710
1388
9318
3695
4079
2089
1787
138
3906
6705
8706
2703
5126
7648
8351
3760
2746
4379
440
6956
7664
5762
1878
7502
2552
2146
9236
1943
7928
7957
7212
3304
1112
8273
1588
204
8980
5939
4380
44
3343
2448
6085
3955
2463
2989
4118
5039
1715
1271
7581
1317
6627
1013
3969
2401
710
2686
6695
1906
9184
7570
7221
411
6358
1009
1302
1495
4184
9431
4000
1399
4657
5429
7960
1758
5218
6536
6955
2834
2600
2650
4280
9242
7947
8505
963
9453
230
725
5288
8550
6133
4693
1503
5549
7198
3372
1465
972
3303
3327
9990
2004
7135
8078
2959
3541
1583
3191
3424
3325
1643
6867
4658
5861
8897
5619
7796
926
6911
4119
6626
6365
4839
631
8725
7098
506
1168
7092
1406
2707
2093
6469
1665
3959
1136
5700
7604
9485
9941
3928
5147
2314
889
5384
632
1166
5387
5370
7318
4845
182
1957
750
8544
3378
5460
6674
4310
6970
609
2666
9927
9051
4807
6081
1621
1131
4114
3233
4037
3985
5194
1026
4258
3703
468
9181
9409
542
5127
8552
1034
694
1284
5659
5805
6904
1937
9531
8855
7082
7184
2830
9886
4903
6416
9392
3103
3463
723
302
9245
2855
4207
5509
7654
1653
7315
3429
2469
4122
9854
1607
2877
4256
9761
665
1697
5137
2414
7877
1755
9597
6039
7859
6399
794
9589
7058
3679
1456
8662
6381
119
8289
2810
7660
2554
6346
8228
3653
755
5022
771
1153
947
7993
6571
5877
8167
7289
2382
8968
3852
1553
6837
7608
8331
1027
5084
70
9080
2484
9741
5627
6576
6858
6969
9061
8904
5534
2170
9519
6831
6883
7616
2271
7004
5102
3873
4401
5051
5493
7100
103
5383
4233
4908
9269
6041
743
9490
6143
2217
762
3807
3914
9019
2669
1097
5226
4205
8015
1281
6877
2024
2151
7548
8781
4565
4226
6274
1921
7260
3479
5881
534
329
3646
941
5970
3185
7206
6164
1288
9988
6237
3536
7945
2549
9967
2421
2638
5270
7349
664
2192
3552
928
2973
6280
7710
7256
868
4611
8862
2509
9711
5804
154
7959
2749
6497
4230
4316
9779
7784
540
6140
414
3053
6348
4497
6449
1295
6422
9495
5341
3577
7922
6844
3301
6595
1047
6333
6991
6215
4447
3599
9275
1667
7918
2806
9093
7307
8003
215
1073
8574
8803
225
7084
747
2929
6671
6928
9099
6024
2692
7851
8710
6430
8469
4235
9964
1956
718
7532
6374
8480
3744
6238
9068
5121
9958
9721
5884
8102
4769
8076
8170
4751
1314
9260
3659
4095
6516
2110
6657
5684
4124
9918
7271
4502
5764
3558
582
2032
2584
5781
198
7404
1719
5401
237
9507
2693
9844
9455
6203
7239
6289
6363
6643
5321
5181
2940
6736
2021
471
1417
2993
2029
2541
6566
3746
3202
9211
6119
883
7152
2969
6387
2535
1978
3446
8356
7096
2815
7639
5998
3052
2987
52
7481
8022
8220
5512
752
8745
8173
5156
9932
3639
5827
6834
9756
2750
6296
9344
8495
6083
9094
9883
5323
1074
2211
8639
601
2161
3317
319
4201
2442
4251
8787
1763
9213
6832
2645
5395
733
6224
5076
391
2607
6248
5168
2911
4360
5348
2916
7213
9486
7003
3824
6752
214
862
7327
5692
7919
5801
295
4356
461
939
7018
3278
9112
2347
6202
4072
7482
8472
757
5054
817
690
7077
1773
1205
656
7513
3557
8935
7541
7692
1362
3942
8237
1115
661
1754
7836
7386
7964
5146
3138
9757
6349
5083
1859
3871
8938
9035
499
3580
4300
6776
2918
6545
5724
2436
5682
2782
1349
9396
9350
9287
8355
9819
5818
9924
3485
3229
681
4288
6392
8457
4760
1431
8989
3027
6510
9812
3038
7653
922
351
1831
7890
6219
3141
7789
9255
3159
5584
6777
2778
5539
776
5773
6503
6741
9280
7304
1717
6002
4612
7944
2417
3553
8695
2242
3837
5024
2745
528
323
3079
8055
961
9804
4200
6409
4055
6114
8199
7510
3590
4208
111
6936
9517
6724
4318
1463
8139
9146
3755
4158
7515
7788
4116
6939
2585
1690
4406
9786
6711
7986
449
9630
1419
4160
222
6860
8838
6645
6419
2939
9258
5695
6667
5394
8698
8511
494
7013
9154
6049
2828
9613
4038
5289
5969
5985
398
1333
5018
6189
6952
6648
5749
3809
4649
3733
1784
9807
7752
3802
9272
645
5477
9602
1150
3966
5291
5980
3930
8280
4593
277
1231
8150
6625
2856
9985
9155
9934
1687
3213
1443
8134
5296
9571
627
3780
6008
6973
595
99
4295
8626
4097
3710
713
5463
4161
425
2488
5096
6927
9857
2059
7790
9007
2800
9183
9354
8939
2587
2100
6565
1962
8165
3793
1887
8658
9544
6490
9863
9482
353
5487
6096
6908
5612
2981
7669
4059
7864
9588
2204
526
9995
2364
3402
5632
5361
9307
6665
3368
8637
6635
6112
7161
342
2612
3022
9244
371
8990
7563
6462
5215
9727
8965
5596
1948
2651
1913
8062
7030
4703
3134
1820
5669
2731
3672
886
8047
6256
1833
5946
3266
9765
556
3081
1724
8332
8200
6766
7805
8762
5864
2512
4265
4574
9831
8378
161
3473
8217
2409
3867
5501
1355
2819
8467
5563
8624
3875
1975
7297
4133
1685
3237
6544
5888
4891
4777
4554
6584
4526
4383
5869
1817
1364
5909
2539
3761
4175
8931
6407
7414
8117
9798
7617
9568
5760
6940
2566
9107
8045
7873
9952
7150
5026
3902
581
9767
8216
1656
36
7546
7201
2114
6037
2234
7143
2866
6275
7687
5912
2470
4684
3034
1490
4229
4647
3803
525
9998
7686
6
189
8120
6880
5036
7592
2615
6985
146
2007
8771
8124
5256
7191
9682
3058
1007
9592
8138
7631
9999
3153
5346
5972
4080
7485
5163
7247
3469
5441
2626
330
4951
8947
2978
6791
479
6263
1485
3065
5740
2961
8154
2467
9458
674
290
7283
6509
1202
4543
3957
9383
507
6655
3826
13
871
4700
9950
231
416
9360
7814
2958
1541
7448
5926
7328
1771
8955
4215
2499
2622
2258
1577
6201
3770
3408
8776
3275
6167
2647
9114
2832
8520
3978
1635
3948
7917
9373
915
9164
7621
1365
5374
9769
2449
7173
3752
7022
8093
7638
6216
5867
1854
3869
3989
5927
2822
267
6965
8431
2536
9177
9241
822
3912
4214
456
6994
136
7983
7798
9249
3193
2928
1733
1631
4778
2976
4307
6701
1172
4374
1422
5978
7214
3495
6332
7551
8305
434
1637
815
9387
9110
4629
6328
3919
5164
3164
8397
1370
5949
2931
2661
4844
1756
5703
6821
9625
2289
5794
2843
3798
8064
4667
8307
8932
9891
6099
3389
1844
7354
2108
6585
8407
4730
1877
3306
7872
6376
993
8876
1633
1743
4433
7251
7452
1356
2291
5699
9412
6352
4632
5273
1744
4896
700
2900
8559
7118
9340
4022
1835
9116
3230
2767
1493
654
7516
2119
5095
415
2995
667
9593
5213
8600
8501
5947
174
9408
6076
5620
614
2527
4619
7020
2917
9283
5787
9022
1923
7473
2128
8790
1177
7056
1395
7012
9843
6100
6097
5251
9420
8111
9906
8403
1056
3205
9511
1941
6340
3876
8759
780
9314
655
9851
7916
606
3940
463
7657
669
1255
2854
6910
4826
124
2532
5153
3836
1435
6755
4130
1182
8580
1504
185
8253
847
400
8988
4852
2655
9459
6925
954
6563
9502
9825
2068
9175
7940
7244
7091
1322
2453
2317
7647
5140
707
7838
1014
6325
5547
6463
74
2101
1039
5728
996
7678
3474
270
4579
292
9293
3911
5789
2444
4874
728
6367
9008
5914
5174
6353
4595
563
3496
232
1154
8905
328
5186
2430
1063
137
950
5271
7661
4338
4397
3458
7245
7355
403
2111
6824
7520
3687
9492
9162
4132
8496
7203
6616
7726
8867
1207
5855
3890
7074
3054
638
8526
1501
9349
9566
1995
6204
4053
1970
8160
8442
5206
9795
3010
9708
2034
7844
7124
8856
9292
5948
4840
2683
1658
8724
347
2412
3879
3346
2156
5136
1359
5430
1200
1805
1570
6945
5716
9527
2680
8779
6092
2625
3360
6148
5098
5252
6672
944
5687
5427
640
8493
4923
2061
6933
2773
5023
4093
795
9524
8854
1220
6123
8898
5069
6769
5664
5986
3163
1523
3253
6044
1783
7733
331
7934
9042
4392
5585
2362
818
3139
5108
33
9672
852
4236
5541
5120
7170
7530
1149
8006
8553
1670
2052
5462
4010
1186
9679
6351
9366
6111
9425
2858
5189
9719
2870
352
2772
9642
6504
7806
516
3647
7923
7293
5276
5184
5579
8126
942
3347
3915
4879
3234
7337
4766
1337
447
2762
8587
7754
5515
1335
5265
2349
6958
9870
4774
4167
7493
5698
5378
6596
4147
7576
3326
4439
1542
8141
6108
4216
9635
1575
7628
703
2091
7761
3480
4527
2598
3820
2263
6921
5495
5320
7073
952
1414
1749
9426
9666
4112
253
5115
1626
4253
8688
5439
760
18
9862
8849
9069
2803
6350
1218
4490
339
5729
830
2307
4336
2376
734
1300
6699
9877
8233
4729
1438
1061
5898
7418
4192
87
7528
4354
3282
4680
6675
9726
1042
4731
7549
923
7450
804
2266
4427
6856
5210
502
8826
4704
9297
4270
9591
842
6077
8271
591
2901
9598
3419
9145
9612
8874
4138
2779
8118
1269
9755
9436
7428
9579
4068
3489
1898
4264
2327
2943
4423
9170
5994
8177
9290
5170
3749
4628
7438
8278
7417
2609
6370
9533
3366
2083
8070
9308
6175
6312
5608
5042
4576
2644
3858
7675
1331
148
8950
3936
3845
6109
5873
2817
4452
197
2883
3697
8083
2589
7887
8155
1475
3692
487
374
3381
9148
1434
2375
9418
657
797
6455
4017
9111
1209
4555
4788
3475
9473
8859
3379
7248
7192
2404
8743
9704
4618
605
5129
8760
8448
5340
7817
7852
6035
9543
1655
66
2742
9522
8338
1782
9309
6631
6026
8190
7197
175
407
7102
3407
5958
4911
6302
7889
9703
2804
4571
8226
7586
6619
2296
3988
6427
575
3730
3331
1936
6371
2096
9072
678
6051
7166
3239
9582
3702
1203
8087
6498
2581
2348
2218
9169
1800
1315
455
1569
4961
7344
8316
2590
1920
9540
5157
3714
6573
2420
5045
264
5422
1249
6043
6975
5942
1779
8025
8694
1330
2620
2374
7622
6642
4617
8065
5865
4713
1378
6471
11
898
4802
9523
9866
5593
2162
6277
6649
8460
504
1971
1229
895
430
2542
5567
8153
5938
1265
2825
4348
9232
5279
6954
1242
833
2770
6034
8860
2498
8672
6193
1120
4938
7929
2332
6983
2333
8196
5754
6057
2353
2516
4697
2337
1751
8563
8822
6579
6050
6923
8601
4568
4664
4287
5247
8081
4162
5694
4224
2759
4686
380
7522
7930
5110
4128
9137
7759
6987
9808
4108
2342
2507
9235
6708
4652
4854
6218
8209
7179
7240
3064
9240
5964
2297
388
2057
1595
698
5406
6979
5010
7255
6843
6692
170
8733
7395
7376
7390
5217
5812
4225
1467
1706
5111
5006
6046
8910
9853
327
3203
6004
6338
8685
4269
6899
1989
5967
5686
6429
1794
2415
8657
855
9371
7688
5232
8827
4475
6712
2952
3956
7891
5436
6650
7663
1189
3409
6169
4975
8099
7467
4648
1440
6811
4436
406
4067
308
5903
9415
2702
3715
1778
1101
2540
8677
7219
186
7813
32
3751
4009
3226
5856
8535
726
5859
2009
7980
7383
602
7405
7600
517
7760
9691
2036
4847
7000
184
1905
458
9202
8071
8260
2387
1709
7542
1499
7763
7140
1312
287
6487
6036
9286
4430
7134
6774
9200
1812
908
8581
7693
6279
2262
8227
243
4563
1173
7565
5161
5806
7155
9445
1181
1984
8058
2729
896
5614
194
7651
3258
9401
1185
3900
1450
7974
1554
3245
6656
3453
6784
7598
4782
7176
1760
8567
3179
7611
5830
9115
6259
8919
7719
130
6362
626
4026
7607
183
7484
6989
3621
2570
2988
2784
9167
5326
346
4795
9500
8026
8675
6798
4637
6431
1713
9082
9391
7857
100
5426
1476
2022
6055
2994
6511
1393
8405
1890
1488
2175
5814
6612
7345
4878
987
7357
6252
1647
9085
1145
3157
820
6322
8628
5297
3932
1401
5347
1874
8041
1579
3782
4148
7057
5758
8207
9092
7507
2789
3734
6316
4100
3073
1165
659
6341
1089
4156
880
8194
3135
7698
6653
7193
8408
3356
426
9966
2871
2407
4708
3062
1092
2635
2551
6228
2483
7222
4548
5821
7996
4045
1325
7981
7144
7303
3846
2513
5933
2447
7495
3972
3011
5301
6389
8816
5954
475
2795
7572
3550
9226
6556
7236
1810
3634
4142
3083
6053
3968
9772
7697
8002
6211
4590
5647
1650
6558
7149
6067
5034
3508
7870
6475
387
3851
3574
7527
1121
7300
8539
6898
897
3098
3078
9106
9945
9811
5537
4546
1195
8777
721
9334
7290
5569
6264
4032
4182
6010
3834
1902
785
9119
1125
1716
1479
6244
8346
9234
2153
9693
8168
2199
5860
5362
3023
1911
7583
3223
4293
1519
7237
866
3849
1832
3468
9993
7633
2264
8294
8133
7593
5398
9898
4303
7265
168
3694
7560
548
4602
3874
7799
6361
4613
949
6881
1545
4387
5905
7319
2406
139
8886
6417
5833
8464
7359
2312
5889
5264
9321
9508
5303
7041
6780
1615
2354
4695
6554
2073
7334
2935
1366
8162
6165
2094
5514
8345
8895
4266
8735
2320
7050
5850
303
527
2559
7070
5974
9856
5325
3107
7504
3383
4484
6415
1750
788
2148
5578
4916
9122
6604
1693
9820
135
8717
6414
6960
3705
158
28
7302
4587
6271
3578
7953
5135
9337
5921
1632
8894
4418
3113
8773
5834
8516
7008
3289
223
869
2893
6617
8592
1183
8834
3540
4989
9627
8611
8088
7776
8613
1946
1170
9182
6235
8186
3586
7878
6590
1193
3501
3738
5344
6388
8323
4775
7227
4006
9179
1441
1561
6015
2106
1815
1392
7643
4377
4137
9743
149
4376
7296
4054
2522
2435
2790
8344
6758
350
7958
3279
1319
4060
1745
5025
3545
171
2075
1306
2802
918
4169
8201
5595
3471
5376
1065
7641
7104
9215
6515
399
3800
8598
7489
722
7208
8712
2067
7066
9912
1629
7681
6016
5366
8873
6825
3973
8105
3674
3690
4990
800
6170
3927
6907
3333
6394
2322
252
7029
9644
8023
3861
9450
3048
3351
2874
648
172
1581
8158
3853
8347
1892
7187
887
6188
5922
9194
5924
812
1057
4174
7933
8619
768
8354
4465
1098
9128
2368
8807
4491
8115
3905
7969
4607
226
7888
254
1578
1839
1282
1654
4196
1924
739
1466
4530
9572
905
1234
806
7860
9374
8668
2907
1451
2678
5070
5752
3000
4982
9922
309
6953
4732
9005
4131
8336
3665
7972
5011
4191
1639
9512
5796
8810
2652
7900
7409
4450
1986
9937
6261
1162
4545
5044
7644
5906
4129
793
1780
6739
9375
3025
6694
8082
5090
1118
2371
8145
2195
3340
283
9433
7635
2329
9748
9530
5645
4694
8714
9909
4062
9773
9890
9263
7366
9724
8434
3691
6028
3
1191
7743
6890
4786
4757
9981
1062
2165
4362
689
9323
8715
3199
646
2011
6997
7506
2956
3711
4277
5057
6372
8094
9046
9076
5709
1156
2066
4042
553
1347
9860
2544
5815
4567
1883
7218
9564
5205
1582
9536
7809
9957
5665
5476
3493
8610
2272
4013
396
907
9859
6473
3575
2514
8797
4599
816
1114
5797
7876
5410
7871
4443
2224
3243
9747
4260
6561
2326
3269
3354
4985
7910
8871
9695
3448
289
8899
809
2115
4513
9551
5221
7095
4384
4967
787
7555
6869
3405
8840
5520
4817
9882
7400
509
1163
5697
2005
6457
1736
1640
5631
9312
7412
1357
6546
2310
9674
3049
1861
389
6443
4547
5419
3188
2132
9165
3047
6315
9150
6549
9875
4995
6892
1979
1649
4064
2739
7562
2395
4241
3979
2719
4829
5082
8349
3069
6452
6014
1726
6794
2229
6377
9172
557
4689
6229
2411
5160
7810
6317
5499
3977
9546
6105
4181
6209
7014
7714
9887
8689
4797
5005
2370
5555
9310
5959
4419
5065
3756
3008
1350
8825
2797
3051
9529
8452
9832
5849
8312
7998
5356
9618
5079
7951
2547
6070
3591
9201
7142
6820
6730
3002
4285
8966
2293
3059
8449
7858
8014
1865
8977
6629
2841
9989
9003
6378
4382
6171
5053
6094
2432
1853
6669
2546
8475
9678
3144
1857
856
4551
3532
8986
8321
544
1423
7094
5093
4805
2187
2791
7246
6666
3410
1663
2888
8085
7204
3196
3074
1290
4991
2200
8298
2640
6172
8435
3319
8993
8456
6963
8970
708
4323
1054
9384
7556
404
9580
5094
3147
3457
9224
1996
6512
6295
6974
3382
8588
5173
4244
3721
1486
8371
8067
6915
7225
9653
7747
7105
5212
9532
9
378
782
4544
1109
530
3109
7985
9052
9147
5977
4243
8072
7564
275
6458
7138
2909
6088
4344
2887
7500
5842
838
1818
2306
6432
247
3918
6693
8032
1129
5701
343
5305
730
6893
9243
6583
2583
2561
4340
3497
6196
753
5280
5544
7453
831
3461
7195
9774
8439
9386
4101
2039
2358
2886
7724
7829
6914
970
2763
9903
8548
1291
2002
435
6151
1420
8256
2384
9192
4811
9730
5263
7471
957
9942
6950
2497
9171
9538
6826
6912
7939
8109
1741
5560
3748
8112
4474
3376
2725
5919
1253
3297
4404
3728
772
2963
5062
8386
4136
8364
3925
3031
1398
5757
2313
2670
2695
9434
7262
1511
5225
245
5399
7188
7991
397
2207
3649
5580
4083
4324
2575
6122
7534
3971
9555
4104
3211
537
3960
3256
8352
2046
9206
5989
4442
5154
2017
17
2394
2028
3706
4121
7068
529
4407
1304
4812
5
2636
3671
9103
4004
7914
5259
114
4395
1925
2014
4581
1524
8603
1919
2614
2560
9266
2287
5823
5871
8632
3021
3120
6941
5037
8287
4873
95
3345
7043
3937
7543
8690
1235
5497
4420
7454
695
9690
2630
160
620
5335
4968
3601
5831
1590
6038
7156
2904
2323
9199
1675
4353
8780
9799
4924
8918
2015
3938
7220
8268
7114
9217
6875
2675
4837
2654
802
2808
4212
395
4692
9771
2408
5223
3007
5455
2706
4550
9248
7834
2696
3848
5425
9285
1201
2957
3993
4428
3787
6920
4789
9233
5987
9047
9050
2238
1849
2419
9836
8752
6396
9130
8590
1038
6527
2906
5901
5175
7085
766
5380
2053
7370
4932
1836
2667
773
467
9296
8205
2537
7533
1477
8037
1552
1769
8575
1254
442
4111
2787
90
5672
4992
3757
1017
5895
2515
8019
7566
6342
7088
536
5886
5177
3935
7723
418
857
8049
4378
2360
255
4090
668
2805
7238
6533
2495
629
1604
2041
872
8136
7158
4615
3101
3742
3777
9212
3254
6532
4074
6618
6482
9753
9385
6272
5676
465
715
7517
6142
368
4517
9913
5438
3115
14
7902
38
7509
96
6528
8720
6064
2946
1998
3104
490
4646
965
9339
6421
2494
2270
8630
7157
3624
8148
9410
962
8161
282
4838
2400
1287
593
3321
6040
3519
1875
7491
3975
1091
3255
9379
3854
8030
365
6795
8330
6876
117
242
336
1872
1584
4728
4945
2280
1143
3487
4668
2860
5602
448
9739
7943
1371
6517
1624
195
6905
7373
6957
608
4946
2274
1383
5707
2210
3029
9037
2857
1427
7932
5956
2077
585
6733
5601
7189
8113
6208
7440
3452
9016
6592
1078
9429
1372
4519
6217
9872
1529
8114
2389
5965
7911
663
7451
1536
9489
6048
2710
6232
5661
9219
2990
8410
4650
3828
8166
6525
7780
6964
2955
8506
6838
1461
8903
5086
5260
6078
913
4723
6011
1464
2188
8142
6182
7490
3528
9268
7053
579
6334
7540
2556
5492
3909
8504
2967
9067
1376
8425
8368
5976
2610
8564
6906
3096
1891
7054
6359
8033
4462
7416
1299
5510
7180
7725
4870
8174
7915
1933
4952
1454
7577
8130
1764
6187
2930
6496
7727
9056
55
6520
4431
6308
2658
1032
3097
7921
6323
8203
2562
3192
6896
7005
4394
7374
2381
3829
2944
3522
1977
5228
7792
4171
946
4959
2737
9304
7427
6284
6324
3668
7136
7338
4660
2942
9660
4234
2591
1223
6505
1847
8877
2733
4822
4654
562
8440
9020
2682
9277
7735
5675
8678
8409
2308
7645
4876
64
885
9792
8009
9742
7049
4880
1560
7778
3961
4311
5178
6607
3661
8558
9834
7258
1339
2144
3698
2490
4044
8388
731
9231
7935
1674
1617
5452
8184
2431
8699
4448
2677
8670
1993
3547
3439
9847
5101
9715
3990
7976
9647
3521
3551
617
2134
390
4149
3145
6206
2889
4685
1686
296
8731
1232
8566
3082
3176
3490
1546
9622
9643
6294
4472
6861
5500
1630
628
5353
3399
8319
7746
8066
4956
3758
1609
2010
7382
5840
163
2281
8791
271
810
9480
9424
9149
4843
7352
1104
4758
1437
6326
4711
3105
1368
1407
3857
3512
6560
7475
9925
6386
8264
4105
7423
8185
9751
4451
8263
4904
5785
9118
7259
1459
7308
7949
156
912
8191
2714
6306
1867
4483
9839
3390
1155
8708
2848
450
2671
9030
9440
6572
2594
9758
8557
9138
3108
9089
2577
5038
4900
1147
8656
2831
150
5414
2472
1402
8192
5236
712
262
2845
3009
3156
3605
2049
7630
8528
4402
4970
4063
6851
7178
7832
1276
6233
1430
4987
3322
4733
9516
7487
5769
3569
4928
9132
6849
6466
9537
2905
5124
3716
3482
1403
8445
6548
5599
1470
9443
5876
5931
9554
9369
53
7387
7341
224
1586
4393
3773
4496
2679
3106
5741
8911
5848
1044
3727
2769
466
2674
3638
5523
5242
4915
6723
196
376
6562
1922
8135
5727
2171
7389
4739
159
6364
6047
9345
8446
8999
9974
7480
8649
133
9809
2724
8476
535
9439
1559
6086
248
8823
1669
9159
745
6959
4127
6682
635
9493
9900
3037
7601
2160
4765
2257
1472
6080
7845
1071
7369
8348
5295
7276
5780
229
6934
7720
727
3622
3247
123
813
2123
610
4842
7439
2530
7333
9646
8487
4988
59
373
2130
4110
5847
590
5545
867
5851
8107
8091
6845
9370
4761
2757
8963
9346
5183
6486
72
2783
7580
7006
1194
7512
9984
3428
3085
6575
5543
1973
205
433
4809
4856
4019
7646
8642
2895
9706
3934
3122
4582
1473
2131
9188
9961
8251
9180
6153
7047
4541
4564
5993
8820
2649
3597
9796
9858
3146
3276
4363
8329
7503
3877
2910
8176
7081
3644
6231
4453
7314
4750
2138
8782
9689
5600
3548
3503
4740
8833
649
1426
2269
3257
8131
1404
3190
6878
5311
5920
4850
8847
3187
1757
9368
8972
2898
7975
7862
8998
7326
5562
4588
488
7052
9087
2221
7432
6423
6181
1513
9227
6309
8757
6059
2413
3799
6241
474
5720
8653
4309
9940
2268
2464
1767
5281
1918
4140
5139
5750
5106
2665
9628
6894
6321
4283
77
6823
819
2949
2639
7557
9905
3840
1855
967
498
1243
4552
2793
2839
9377
6260
6622
893
143
2399
696
153
1174
3509
5482
2899
5710
8392
7120
1951
4151
9675
989
6305
2231
8327
5472
1802
6796
9729
5957
3831
6300
1481
5592
573
2486
6311
711
4271
5983
884
6804
5208
5746
861
8027
7430
2377
9143
7274
9497
2878
7655
5950
2506
6647
213
5819
580
634
587
3781
1955
7445
8056
844
3143
5613
469
9838
1532
4892
24
6063
2616
1612
1375
9608
9968
6003
567
9158
3308
1452
2363
6990
9430
1698
5473
7086
3898
8198
875
3216
2261
5799
3823
959
2572
3885
8813
9102
9702
21
6314
4783
4745
9461
8861
6743
7465
7310
5667
7738
9632
3963
7101
8363
8265
1557
7779
1652
7702
9161
3422
6001
6183
2045
9299
188
936
125
9479
8608
4499
5483
4296
9084
1144
2256
2623
6815
9683
5885
5449
4039
3189
3896
483
8893
1002
4134
8218
8029
8920
1374
199
1004
7406
7992
1003
7683
5706
9821
5327
2126
2756
8061
3035
7952
4
4391
6793
6634
7526
4955
879
2728
7153
6384
1856
7332
4135
5598
9949
4346
7394
9919
7649
3045
8562
2766
1354
6559
8239
4096
8824
7254
3576
6862
7973
7756
4981
4810
1722
7023
2054
6691
1563
6757
5765
6006
3736
6660
7768
2220
5133
1555
6030
9514
1228
6698
8948
6524
3841
1762
4222
2478
4609
3387
9357
246
6670
5188
9246
9716
43
1213
2868
4306
8486
8125
4949
3527
2538
3123
8842
2179
746
5091
706
5467
5776
6998
7231
9478
6093
8054
8915
3393
8224
4506
8669
9876
9055
6980
2334
1990
281
2578
732
5103
8035
7320
5145
5099
3418
2338
7716
6683
539
7897
2060
1824
112
5350
1539
6065
5262
9079
636
3427
4912
4051
3788
6137
7736
9032
1093
5453
924
1226
3592
3110
3119
5420
3272
6785
5726
9021
1949
9011
754
7377
299
1068
8577
2157
1001
2016
8951
7461
5033
6638
6146
1623
2441
4278
477
9504
5822
769
2717
3931
4577
1077
8197
9714
1051
2152
1765
9933
1801
3673
6879
9470
1045
8361
2062
7459
6944
2881
7177
6495
4176
2718
9787
3686
9824
3339
8572
7821
1885
6398
6799
7040
9475
50
305
5471
5738
7505
8031
7046
7938
1746
8393
4168
2950
61
3568
9208
2303
5283
7979
5150
5751
1222
8863
8270
5971
3374
2971
4974
9120
1873
2434
1133
6245
8274
4352
8391
7234
4071
2031
5367
4299
3913
8634
3581
4950
9362
9395
2523
3612
4339
8222
4939
1303
5616
4947
2740
1225
4047
6150
9848
3318
5063
1747
4273
524
428
8981
1822
4560
5290
9827
7585
1373
5014
603
3133
2555
3976
366
6891
6132
764
7267
4470
8290
6408
80
2315
1562
9908
960
511
5144
6445
6602
6336
7425
9972
9676
9472
2139
1882
3018
1522
7279
7130
6320
3538
9336
5234
6242
3100
6310
54
8958
9303
6537
6013
6456
5293
5982
5185
2301
985
1216
671
1432
8121
5143
2345
9576
7994
5583
9542
860
8137
7441
3271
7372
315
6337
4800
5035
8747
8164
3893
489
3513
261
3623
5767
4556
7375
2250
8149
9282
1055
5240
7595
5548
5312
8540
6268
5286
1505
9791
4818
5310
7217
8896
9496
1455
8503
8961
7804
333
5166
5894
3774
8358
9880
1102
5128
3204
8987
2814
1449
836
5081
7965
2694
5409
5339
6239
7679
693
5629
6366
6745
1492
9348
716
3844
1340
6751
9230
2617
2058
1761
3033
5975
3397
6180
1327
8547
364
5104
4159
274
5844
903
8248
5636
3726
995
4831
5561
8324
4937
5506
4983
729
5261
7039
9456
6023
8311
3251
201
9826
2154
9129
9971
8063
7071
8930
7927
9684
3859
4895
4944
5486
4375
2418
3302
8584
1666
8549
9722
7181
2758
3923
6223
4409
7637
8
2446
2232
6121
7812
8458
9438
2026
8057
3506
9000
144
6470
4180
4980
4742
8839
1046
5870
6278
8380
5925
8468
643
1619
5923
5390
3669
8727
482
324
9027
6646
4177
874
2524
1601
3084
2632
5319
5282
2437
4102
3684
6390
2311
4305
1599
9733
6468
4445
192
8957
2361
6888
1381
2212
7168
3884
3594
4298
7879
7209
8147
7182
4501
9400
9550
6356
3583
1391
234
2451
9685
1262
4272
5332
7253
4341
3414
5480
8702
3111
917
9768
7097
7433
5437
4748
5013
4466
2604
9717
6194
6052
8341
6593
3265
4591
6721
9191
5811
239
5577
3660
552
3222
1105
8127
594
7129
6125
1932
864
1482
9662
1360
8676
4372
5176
714
686
623
6513
9247
8625
7968
8178
7584
8857
5768
457
3210
1233
5358
7525
8051
4776
4109
8308
2564
7038
7384
2543
1367
676
1521
4199
8485
9604
7028
413
6474
7277
3584
1160
3818
6120
6395
8884
4389
8583
7963
825
1251
8080
3283
5984
9380
4024
4429
5272
2087
5192
3619
8387
968
1257
5058
9897
9762
6478
443
2743
6781
4386
1803
9108
4511
5657
894
1909
6115
8591
1525
5668
102
3137
7625
3838
6136
9587
6221
978
2836
3554
2020
7015
3003
8768
3883
687
1781
8660
4677
2720
3626
3812
5196
421
658
1646
5209
3817
4512
429
8934
5597
2595
452
1966
8314
9963
1442
5835
2705
1353
4048
9104
4910
2915
6440
5061
2999
6854
5087
2477
9001
3285
8748
8728
9460
2586
2416
394
4245
8020
2117
9313
2398
5824
9686
2282
3036
9720
372
1130
9451
3530
4702
8234
9152
9048
9125
2276
8713
4676
7194
6884
1969
7288
8701
3856
7360
2809
2550
8095
3630
6816
3273
2816
4203
6476
23
2145
7285
2601
7826
2246
8633
4835
1662
3042
5817
4494
3709
9668
2149
2852
1197
1132
9264
1514
437
6707
8182
2925
9306
7729
2534
1564
1981
1830
8272
2599
6589
5182
5641
8326
6993
2608
3518
9849
4901
8621
177
3307
6286
4441
5019
1478
4005
2267
7306
1863
8808
345
1286
3380
2380
6587
3293
9696
8159
1159
3860
8800
9634
8313
2223
5622
7833
6783
6792
1963
9680
7924
9629
5963
6373
5753
1416
1081
9113
3745
3182
3019
5458
6744
7437
5551
6727
901
3441
7078
9815
9810
8473
4050
3666
8123
316
7272
3868
826
1323
9735
9135
8924
4414
7966
6599
4424
279
5216
807
4146
7346
7106
2150
304
1952
5961
607
8597
8775
8975
152
2573
7734
8673
9606
1468
9987
8427
583
4189
1704
7420
2505
9447
273
2676
8369
5999
2621
2846
7398
4715
2225
4106
6436
6435
5915
5755
8406
1260
9484
9525
4936
7154
5518
4049
9841
8521
5254
2996
2754
4213
2112
3920
5666
268
3072
4670
3071
4529
8819
2529
7305
3020
9907
311
4347
8707
7466
280
8556
3212
1795
2734
3359
8519
5199
6380
6526
5355
1400
3314
8927
1382
1944
8073
1852
2951
5554
340
6186
4030
7636
7815
3224
9723
3951
6564
3763
596
6581
9250
4705
1881
3999
6771
9992
298
9816
7676
3850
3637
3520
3657
9979
911
9435
3670
5731
6809
8729
3790
4743
761
748
6807
4261
8195
250
9976
4749
8666
7674
1494
2979
5277
2081
1011
7665
410
9428
9098
2820
2378
6685
3650
9802
4329
3129
2627
217
4816
6789
7286
4720
8417
4390
4289
1657
5623
6152
8946
7162
9997
5197
9631
1020
9645
8367
1161
8602
1567
8169
7224
8589
5992
8909
4223
6874
2071
3241
7093
7010
5207
4804
1622
9356
4123
9462
5990
997
8846
2774
4642
1384
187
964
8420
6460
8524
2722
845
4107
1075
3600
2328
8868
2482
1914
3099
7885
1198
570
2991
604
4796
5868
7701
8985
3983
1880
227
5015
2019
7999
4597
7830
1547
219
8225
4145
8310
8365
2493
3950
1732
4993
3460
8674
2897
7443
8671
6763
9026
7099
5935
2433
3916
9938
5461
5389
3648
6042
5190
7800
8882
1972
4573
8447
4493
6949
7884
948
162
3184
3136
1341
5007
7196
478
9378
4762
9041
5571
1204
4478
7571
4488
5655
2777
1169
783
3092
9750
916
1164
41
7280
510
6134
1889
8705
9442
2528
4920
2864
5250
647
7076
4218
8766
9601
2159
1128
1927
1904
2592
4081
8463
3290
5725
3585
2104
4150
8523
5334
7594
7036
1049
520
9062
6027
8928
9581
8900
7456
3284
9888
3786
7033
5249
4549
5292
7524
8761
6198
4476
5658
207
1935
3926
104
2760
2937
2033
4415
1550
5863
3364
8907
6339
436
2849
3242
4117
8579
1210
863
2953
7623
3365
4820
6113
5857
1592
1192
5929
1380
4262
8086
3688
7970
3778
7183
3412
9664
381
6767
980
1344
8215
4046
8546
6519
2346
1502
3313
4361
9214
6168
3398
8992
6098
9574
1141
9659
4962
1086
5122
6640
1052
4701
9407
1421
531
6199
3917
4400
5670
5771
1019
4537
3238
3169
4721
8908
166
9822
5479
9419
9160
4312
5940
8090
2672
8561
779
5634
6293
9054
4638
3140
4724
4592
5653
3662
4872
2659
4738
921
9168
1196
3040
8106
790
6531
2984
4999
4675
4495
4438
5274
4437
5603
7299
5443
9658
7865
238
518
1804
9320
4722
2708
9837
3729
7937
9902
362
3572
8852
7816
1024
1135
4126
8568
8454
3696
7634
2392
8257
3707
3986
5088
5017
9881
7908
6938
9494
3032
8362
1900
565
9619
8377
6547
8048
9229
8202
8304
5313
5945
4792
164
8079
1940
3075
4683
5902
8238
9394
3732
8478
6018
9262
5829
503
3620
4888
8926
8959
8638
652
4190
4355
6090
7537
2502
7025
6484
301
4468
7186
559
9805
4366
592
3699
4259
4954
2968
1775
432
4290
523
4931
4884
7447
8742
8622
6661
9012
6716
4292
2890
7868
4679
7131
5782
8295
1753
9763
4516
1208
3652
5049
3155
9324
354
837
9416
2428
5172
4315
6731
2352
3093
6118
1258
971
6580
5408
865
8811
7579
6601
2875
7962
7257
8531
7680
934
2174
3250
6397
9009
2823
8744
4586
1593
624
3511
843
3565
2730
8806
5000
2439
7777
3524
3087
1058
9413
1988
7640
4885
1821
3609
5349
9036
5116
7691
6369
7211
7444
4919
660
6492
9960
1429
3148
4671
3967
2357
2085
2992
2938
9031
3891
2239
2673
4522
1774
2480
881
801
2657
294
3791
3057
7704
4585
9328
7407
4846
7575
3220
263
6773
1862
6101
5813
8500
910
7016
6738
828
1279
3056
2040
4940
4333
4065
3562
7942
4824
6865
5404
7413
7001
914
1127
9563
2920
3076
3070
8303
9784
2095
3833
2637
7235
8171
8954
6574
5693
5611
9156
1021
5775
8110
1397
7494
7463
1664
8254
1983
5152
6578
4075
2553
9163
3810
235
6508
6253
9928
7446
2998
5626
422
3367
4614
4964
930
1059
1681
7215
7811
5238
9204
5158
1573
3274
5507
107
5648
5732
7808
5498
998
7737
3060
7037
5605
2631
505
3561
9641
7740
2143
554
9759
919
6454
2202
2035
7997
5377
4755
249
359
209
1699
4043
3631
5893
1580
7950
1301
7787
9279
2879
7775
3863
8726
7863
7145
1605
8627
2410
5364
9257
7899
835
9806
2936
2012
7243
5944
4302
9198
9477
2391
6273
8357
3400
2038
3312
3437
876
8482
8122
969
9364
1094
9713
4791
5475
2241
4319
9095
9991
586
9829
8415
3996
1725
8937
5996
4125
5586
4578
4165
445
3263
2109
8636
9760
9623
777
3086
622
2558
7906
3643
1808
5628
6139
4115
4596
2548
2292
420
4061
6813
6269
2084
8609
3444
3939
6318
5719
8651
1696
2
8758
348
3970
8429
4320
4188
8979
7287
2237
4966
4965
6383
6597
4943
6155
8255
7139
6551
2842
3449
9187
1214
7322
3801
1236
2880
1953
9951
1480
356
8262
1436
821
300
9585
7401
1926
5318
6872
7961
3131
3822
2092
1343
3611
5962
4881
2716
9698
4454
8560
2545
8585
5433
2508
4771
4583
8179
8749
8529
8887
9520
9023
4440
9315
1841
4656
492
2228
7508
6313
7141
4070
3262
7901
9256
5564
9946
8730
1896
5299
1117
3206
7123
193
7978
9131
1526
8799
1206
5763
4073
2567
4531
3295
9620
3663
6917
9734
3370
6814
5531
7741
8648
8376
9197
1645
4539
7408
1987
4183
6742
9707
1457
5649
4459
321
9140
2273
8864
4510
1035
4815
8394
2025
8146
6995
2286
1777
2633
68
3337
6195
6128
5021
6404
589
2027
5448
7051
616
5056
5714
3892
9846
6178
9718
8100
5582
6697
173
5097
4204
6428
335
7831
3315
6663
2184
551
6166
7689
1703
9317
7017
9526
5064
8881
940
4727
1298
5368
441
7079
4871
4492
4041
3132
5802
7269
8373
6262
6681
484
8034
5112
357
9916
88
5880
4794
9868
9218
3865
9166
3537
6726
9045
2366
574
9929
1294
7371
6704
4594
8542
7925
2278
9583
3286
5878
8533
5588
1714
82
3713
7477
9955
8098
955
4644
8593
3338
6107
1088
4503
3962
902
7064
5737
122
2896
1985
9697
8104
6976
9432
1238
5134
9139
7059
7786
3566
8753
8512
5418
7110
9157
2201
6797
5575
7712
2305
1111
9267
7896
7705
5201
1648
4542
3897
5392
4853
2732
4023
2876
5979
7558
7159
7956
5239
1280
1012
6651
2064
4408
10000
2863
6220
4672
4572
4601
3488
6141
6779
2941
6753
3209
2619
7869
1006
3982
3388
1082
9705
9210
858
5604
7024
1739
1446
1188
7498
7518
8798
4921
2140
4337
169
9121
3152
9073
588
5536
8389
4927
2116
5968
1471
3765
8450
3610
8335
4828
6020
7242
8615
1884
472
4922
6621
2088
4960
2837
1997
1123
2196
925
6709
4232
4178
9764
6307
6552
6518
2646
3194
1316
2373
9884
6282
7791
9656
8059
4487
8419
8010
2962
512
3825
8383
2452
5202
543
932
7685
988
1534
9174
3006
7339
5793
1638
8736
9894
6032
927
618
8680
1297
8858
4598
2176
221
2339
2485
8084
6702
9389
6620
7773
7903
724
2908
8843
5354
7117
2367
454
5530
6270
3114
3477
3847
202
1237
9930
4194
3426
6304
5779
4028
1682
633
2503
1512
2723
4994
7707
1140
4467
5891
781
9488
1307
1942
2642
8536
1537
4958
7226
4089
5607
8514
8060
9780
4770
9278
5040
8353
6281
3827
9948
85
4334
9078
9083
5445
3588
7044
8252
3560
9736
2226
4673
9590
5485
5837
1565
5075
2065
3309
6485
7606
8769
7807
1689
4534
5736
2867
2335
8925
684
9474
7751
9270
4678
7695
5792
1868
9483
9491
7659
8765
3350
212
7174
2044
8830
9077
8213
7755
1731
8599
7658
2764
9994
5524
8767
178
4249
5359
1412
4321
2504
597
1600
5379
5149
131
4327
9393
2776
8510
2355
1277
9414
4011
9018
576
7545
5743
1636
4412
9626
5825
2193
5610
5451
1510
5917
1677
5907
3498
5113
521
3737
3628
7089
9223
7912
4764
8973
6391
1484
2155
5516
2576
699
2824
3160
9441
2402
1138
8784
7731
6190
4120
5009
7883
2818
2118
5708
3974
5617
278
8772
8116
9196
6402
256
1642
2882
1405
5016
5396
8850
7650
8809
1967
6082
4719
6909
8309
9333
2751
3158
5444
6935
9059
4906
1379
5342
9289
6609
1016
2318
2056
6029
1614
4025
7567
5678
2290
8812
8974
5899
5572
6827
4284
3281
4001
9038
9737
4082
9239
6160
49
6918
2227
6790
8385
8281
5521
7614
2147
7880
98
8119
3015
670
683
613
5838
6717
6287
4036
1326
3743
5916
9513
5317
4314
920
3645
615
1285
9970
3570
9463
3291
8426
1171
9553
6947
2473
3068
5245
2219
8318
7652
1489
4709
4580
994
4294
832
2158
4033
3094
3386
9749
332
8754
3310
8789
120
7732
6966
6942
7273
5405
6103
9541
9029
2913
854
8936
8902
1041
6829
5896
9421
9639
2653
4741
216
2571
2531
3080
5798
5298
7457
4996
383
9506
6489
4699
6996
5388
8293
7550
3531
8978
3154
3462
3933
6162
3246
4687
4343
3384
4015
7941
2023
4088
8402
2966
4350
4349
3862
7421
3759
5386
8737
3151
8322
8793
5644
5997
6247
6802
8829
4963
9404
8814
8301
6639
276
7468
9193
1816
5071
8013
7470
2932
6555
8700
1351
8921
8865
6130
3573
2186
5478
5416
1806
419
2429
379
6722
5360
2611
7995
1531
1688
6833
5214
3952
2785
4626
8785
2252
2603
4855
8795
4639
1106
4219
8436
9342
7007
6266
7223
1015
5138
2233
1616
7250
5934
6749
6214
8614
9980
6801
7904
2518
6948
1439
6664
5559
5241
8647
3012
9923
9058
6393
1227
2304
811
8569
4973
3028
3142
7867
5227
8654
8484
1641
7083
7268
9914
7249
9294
1776
8815
1678
7620
4500
5179
1829
9681
5148
7739
4254
6839
4446
1418
6230
7486
8008
4444
7167
8890
4066
8879
1308
8594
1912
6240
9789
3642
6012
4997
8817
7574
2107
5440
5407
1023
8230
4893
3539
5589
7266
2302
5411
206
4930
4432
7252
6267
5333
2481
2628
6147
1571
1792
3432
4600
5791
6668
7926
4717
2460
6005
8554
8212
9176
5691
9578
3922
9663
241
846
2492
6800
7148
3225
6357
8011
6828
3910
555
4021
1352
1837
5892
4978
7350
8836
8541
5690
7397
9376
4866
7027
5357
1099
4325
9700
3459
2047
6902
1157
3435
3161
5496
619
4753
9931
8821
8667
7781
8578
1113
2244
361
5748
9939
814
7317
8687
7848
9074
8489
8971
9457
7967
3415
8038
5107
6157
8261
9731
5525
1270
4772
3180
9353
203
9803
7824
7519
756
3005
598
3396
5784
9673
4085
7230
3095
8219
1025
8659
5224
7284
3712
5568
8794
1497
2359
3700
3044
6859
3385
3214
3505
7435
314
2316
9969
2008
151
9889
2618
5229
1551
5446
3542
4056
2934
7270
2249
405
6967
3719
1324
1897
8618
8236
2641
4604
1556
8497
2385
7175
4276
805
7309
8525
8453
7711
7163
9316
2465
8582
2985
3342
7424
6713
408
1695
93
933
2330
7048
3377
786
3789
1289
272
4297
3987
4332
4255
4371
4914
8953
8097
9869
1122
10
2965
9006
4304
5553
1930
3965
3587
1199
1634
3941
6246
4557
1345
8570
9603
2663
3472
3567
9596
4291
5008
5808
9926
6760
5652
3292
7363
9878
8470
6855
5012
8750
5679
1845
132
8483
9274
236
561
4217
9004
1119
8043
4247
3606
1828
1947
7603
4164
2141
8788
8163
2443
6937
325
4868
5415
7021
7069
3664
3555
9996
6885
7588
1903
4971
6163
6614
2236
3677
7109
8306
3014
9351
8418
6803
1982
7605
6405
1851
1660
2689
3260
8444
848
116
8292
7396
6700
3843
8923
6461
6819
3324
8411
2736
7767
4002
6968
3417
8644
6173
9835
2563
9687
7011
8912
8296
7264
1916
4113
7362
4144
9338
3604
334
5556
6926
533
5759
5897
9975
3406
3602
3476
3795
2365
4536
51
7694
7335
2833
2919
3821
5635
7523
4696
9276
4328
6850
1597
3195
3991
2341
2596
470
4210
9559
882
5074
7067
6327
4331
7629
7793
7662
377
4282
1221
9411
3491
5705
4934
2185
8077
9499
625
1219
92
2840
7462
7666
1069
6135
108
9577
8206
8509
1491
639
1934
3964
7626
4413
1671
5004
9273
9101
6149
4875
7554
1083
7909
1425
2069
6283
6768
6582
259
6467
5756
8193
6494
1864
4246
8889
9399
7281
56
8399
630
8888
3170
6606
6624
9481
8046
9325
5772
7019
358
5722
5373
3766
759
8481
9830
9124
7379
9469
3484
6603
7151
6412
8132
384
3030
9977
4434
4643
5843
9549
799
2681
6732
6662
3717
4040
1968
155
5248
1447
4469
2579
6089
1866
2103
8374
4186
3943
6788
5048
4489
571
3525
6073
8770
5677
307
8709
39
6465
784
6330
2206
1413
2255
2605
4535
8686
859
9509
5955
3997
1680
4821
451
2325
2122
1651
8291
6822
7749
2835
5195
5375
1527
3436
8395
8641
2299
3616
2125
5973
6319
3168
5351
850
2796
1520
67
6686
7107
2169
767
9818
1991
3178
208
9852
5077
1176
3481
8832
4851
8421
2921
8605
1108
5723
5502
6257
2030
4706
486
4744
4357
3413
5246
3394
3039
7642
8302
7765
7511
5587
3754
4479
8269
3507
7112
2423
9178
8266
7113
5300
355
1799
5704
8995
3066
3775
8007
7
2397
3722
4913
6659
3004
4606
8044
5306
5484
870
4712
1178
3373
6236
7610
1
9823
5089
1187
8502
9669
3353
2456
2124
3445
9141
7090
1266
2098
5020
3767
7853
7984
3177
1487
2072
7907
2178
9331
4326
9464
6000
83
7232
1261
7132
7301
2892
375
5114
6145
3464
5832
3740
8741
3811
2462
3067
2519
5744
4784
176
849
4803
827
2294
8755
8835
8021
3842
6227
1283
4714
1734
7365
7797
2209
464
3556
4141
3614
8913
7464
6045
9595
106
6179
6690
904
6680
424
2721
2298
4725
2964
4308
7624
7547
1999
9355
2247
7827
6174
4425
3615
3288
8573
4405
8229
839
4528
1506
4267
568
774
5845
6154
1386
3167
6658
3244
2080
9382
9189
6628
5932
5715
8040
9444
5937
7061
2533
672
9295
584
7531
5454
5711
1363
3296
9920
4754
2557
2208
9372
7905
4630
9873
3483
9600
1809
3929
3267
1974
9557
4957
3349
4759
4227
6493
5618
1507
9565
5656
6479
737
8401
5640
3546
5230
5233
5766
931
4485
4651
9359
2954
2685
9910
4864
1843
1048
7263
1842
7442
2222
7785
680
8880
935
8942
9633
3998
6992
7709
5721
5650
720
9895
8595
641
7841
4449
313
9361
7536
6982
1869
4659
4317
834
6095
8866
1462
8697
8891
8012
8739
6522
1888
5718
1702
5538
7295
3535
8284
1453
8892
8933
7894
9358
7582
7469
3270
9973
76
8848
4979
8156
8792
5382
4034
9850
6379
1518
3050
3958
2602
8462
210
3625
6808
3334
8267
6129
75
4211
6931
3596
7324
8381
1244
5432
386
8681
1752
4633
6207
7782
8962
1611
7708
62
7103
4520
5123
7673
1085
9778
6677
4057
6126
3467
190
2260
6299
3198
2753
2487
9185
431
9126
9298
9039
8283
4827
4281
8684
4773
5413
2869
4069
4790
673
269
4627
6611
765
6986
2914
1313
7823
508
2811
6569
8738
6060
5858
937
9677
4052
9327
5165
4819
5067
2838
1110
4836
8691
6972
1691
8704
3783
2099
9840
8245
2343
338
7172
9144
1797
9142
7340
1516
5866
974
9560
4890
9935
3994
4351
1033
1212
9329
7128
5393
7392
6981
7031
9449
1594
3362
58
6720
7200
1540
22
8235
5491
7839
1103
5778
8474
5615
1535
6213
3280
497
86
8545
5352
5952
938
4464
9790
2240
3183
8414
3421
6605
9855
3984
4373
4031
5573
9901
9406
6021
6499
4899
8333
3785
3683
1064
1433
6806
7893
6782
4461
1005
3126
4935
1910
8740
6138
6254
8751
4456
5027
4589
7745
5930
6594
545
6425
2711
1029
6557
6382
9650
7721
9896
1954
1066
3806
78
8382
9518
9422
1602
2129
5890
8872
7321
8571
3447
8631
8108
5200
8334
6961
519
6343
991
2458
501
7866
5421
2000
417
5130
3618
8413
4669
8366
956
5314
2792
3517
1460
7147
5309
6857
7770
3090
6297
3116
3200
3470
2715
9024
2070
5662
5080
4780
6588
1037
8188
5278
7348
293
6007
8488
5470
3992
1961
2726
5689
3221
9867
6025
6577
6400
5508
6420
3750
1292
6459
1965
5550
2664
7331
5621
9096
7842
5187
685
8092
6472
951
3907
8441
2454
6737
2386
990
1860
4248
4665
2168
6453
6870
900
3921
7361
4228
4641
1917
3392
7403
5253
3735
1043
3949
3207
4830
320
9203
1142
8340
4998
6535
1823
1090
491
6075
8665
2351
9954
9071
599
7539
2379
1190
6500
9063
9801
8604
1730
1929
1964
4094
6074
3768
9545
5490
8068
3091
2243
7488
3579
6541
1408
8000
101
3889
2076
8629
6886
341
4410
9476
3882
8243
8375
8075
1608
892
5734
3118
4808
2960
9611
2491
4849
2885
3438
3563
9014
9794
4279
6250
7291
953
6847
2859
118
9921
2489
6072
6810
5795
9220
6488
1870
7492
2861
9271
3667
1116
6444
459
5517
3747
2748
110
4532
3804
5489
6197
167
6210
5671
1241
1568
5078
6225
2105
3149
8286
5167
6706
4084
4020
42
7861
8428
3201
6644
4505
4834
6401
2569
966
2461
9448
1018
2872
6600
9573
3718
2277
4091
9793
8404
5424
8398
8498
1458
6068
4435
9017
5820
4058
6033
2788
8969
7730
5275
7764
69
9671
4779
4558
8005
8101
1850
1735
8183
3866
8722
9892
1259
9636
6673
3779
7578
7750
5713
6426
4610
9665
2018
8914
3492
8297
9657
9117
701
6251
9136
4471
7840
4620
9752
1008
5131
8350
5431
7846
5574
9319
2624
9959
9467
7426
1293
6354
9043
1737
4240
5050
3995
4092
2862
1994
1263
3456
7696
7771
5532
2424
244
9251
8181
6477
2135
8288
6131
4907
4014
7552
2588
9688
5642
1770
1096
6451
8259
9049
2251
6176
5747
2265
3523
945
2912
2468
2982
6104
8491
291
5913
3443
6009
6903
4756
808
7210
115
258
1976
7342
7126
1694
8612
3305
5900
1411
5660
6630
7410
2565
824
401
4482
890
3608
8718
2248
2744
7358
7185
8490
558
1256
6916
9381
9617
8734
9301
7609
5031
6725
2383
840
4634
6864
3433
7849
9284
6812
4457
6637
8240
3329
4220
2403
2924
1296
8576
7668
3371
1387
6069
369
1876
1544
7399
1603
3814
8189
9209
6728
5624
63
6360
3001
906
9624
6900
2844
4003
3330
6748
1328
7717
7122
8522
9610
1729
5663
9871
7529
9252
8841
8337
3332
983
9498
644
8017
1793
8956
3771
7843
1708
3903
145
317
3516
4257
134
8801
6689
979
5685
8515
6919
2356
3685
6450
3416
877
6243
1528
6534
7065
5343
8471
3298
6530
453
7568
2972
9465
4508
9788
9347
7169
741
4785
7121
6719
9134
8778
1683
2288
2082
6276
3197
4918
1180
5132
2923
6156
7758
1738
9330
7561
5883
9207
6853
8143
2755
3411
5875
2580
8004
6406
6835
4504
8432
9127
9813
577
3764
3701
8844
3181
5494
2521
4364
7699
1721
251
899
8128
1768
3358
8300
3946
2668
4398
3335
1707
7275
6750
5204
4018
7748
7514
3128
1415
3514
9222
5839
7241
7898
1332
1072
4076
7282
3816
4787
5397
9064
677
6852
5800
3268
3466
3355
9388
1790
6298
4163
719
514
5981
697
2606
3640
8359
9237
2511
5558
2086
7989
5119
8250
9962
2455
7034
7855
8494
8208
3423
9947
1748
9956
2166
2300
3796
1772
8157
1396
6483
4523
829
2980
2235
1825
7202
4385
5258
5590
9978
1448
3613
4883
1022
9615
6567
642
4152
975
7278
367
4806
9652
5503
7670
5630
6290
4313
218
4746
9311
8372
3391
6501
3215
9341
1858
473
9694
8069
688
2230
4698
9322
480
4179
8036
4202
3901
1558
5702
612
2851
7718
7982
6746
2198
6818
8783
1137
6385
4814
2688
16
6901
7190
2727
705
1992
4661
6446
546
5030
7115
5073
4086
157
4569
7802
9744
4250
6846
4252
691
370
5565
1938
8774
1572
6718
5788
8805
738
5047
7613
2853
5960
5966
1273
8282
3172
9151
4421
6091
1894
851
8279
4154
3259
2687
3582
5474
2510
5918
9899
2425
3534
2422
9709
4481
7667
2133
4882
4635
73
1151
1508
6331
6102
1620
79
5526
5180
9253
7553
692
2690
2812
547
6410
8837
4365
6335
5910
5237
2648
9782
4370
522
4170
3504
1250
7590
3651
4681
3186
3088
7715
5257
6301
5783
5423
3656
9651
1211
1789
9654
2526
9090
4691
8640
5337
7544
6031
6988
2180
9423
1167
9562
7347
6866
5519
2450
3776
5774
749
5092
6438
2700
7521
4688
5557
6868
9225
2336
3218
4231
1252
3013
5566
1712
9616
9885
4799
1606
9728
8692
982
2474
462
5468
7656
4237
1548
8901
6234
6775
7948
9732
8716
6778
9783
5742
9091
538
3165
4858
9390
1498
257
2873
6347
8223
4898
5155
200
3945
9468
549
1247
6192
7458
4917
4197
8949
4793
9745
3603
5171
5465
3981
5643
3249
7920
560
8916
9291
2050
9015
5846
8845
3544
7499
8129
4035
6984
6636
8543
9398
8247
9040
4716
5879
7946
9105
6897
9471
3953
1148
2582
1596
6591
8508
3017
8870
2001
9501
8960
1010
8315
8682
4275
3235
9100
3336
7619
5646
4767
233
9265
9216
2055
7671
6714
7292
8764
6191
8646
126
9725
3627
8804
481
5733
1813
717
1672
4926
8285
7411
1980
5046
3658
438
7599
1217
5469
7294
1886
423
8996
7316
105
9567
7573
5594
8732
25
6538
9640
6329
3886
3607
3117
8991
1727
7125
4209
8517
7936
8089
6971
9584
7164
8422
1723
265
7472
1179
9701
5904
9570
5371
5294
735
8459
8339
2922
1028
5141
4848
1576
8984
9785
7971
8180
1080
651
3731
2475
409
476
4768
5363
9109
5735
2476
5266
5651
2884
7742
5761
7381
8679
4690
4813
2933
240
1385
3762
2182
2295
4645
6185
8883
5117
9776
1538
3451
744
9427
4625
2704
6285
2613
1139
6873
3899
4867
2948
4570
9254
9205
6848
6442
4525
7009
4707
5336
7684
1533
7538
2761
9833
1827
9025
2319
1627
6258
286
5673
6613
141
8016
4662
5338
5220
8878
7165
6754
7205
2747
4274
1334
5428
147
3063
9288
4514
5466
6887
5570
1791
6735
8620
6817
6058
2102
37
9057
5712
6448
1515
8018
4399
4368
5159
4948
7353
6772
9070
5688
888
5322
2794
3130
5836
2259
7460
6740
2801
7062
4345
2205
6946
1053
1267
550
9190
4825
8507
6882
7794
2829
9535
6184
6303
5680
4008
2459
8172
3887
5193
34
2164
4416
7116
682
31
2574
2042
165
9982
3635
8596
8696
8828
4640
9712
4411
6786
3403
2013
7627
3815
7895
6962
1338
1931
5268
1500
6623
2977
1272
1483
4463
1361
9740
3839
220
1786
4172
1036
5385
5745
9710
702
4860
5457
4608
6071
7535
778
3404
5576
5085
3689
8477
1543
2120
2440
6424
7311
9405
7119
1031
8513
5002
1958
2775
6762
7854
6929
5803
8763
1424
4367
1000
2037
5459
8151
4977
7589
9547
4077
393
1246
3629
5169
9060
2197
7336
7569
8152
566
1070
8853
1445
4710
3872
5369
3240
929
3693
6568
5488
9437
8277
3549
179
7429
3127
2393
2445
999
35
2701
8616
2189
6759
1305
1834
5995
7160
4929
2190
2405
7766
9770
9503
7199
285
2181
4623
5032
1100
2321
3264
6177
191
3724
5542
4584
2167
6087
2903
7422
3880
1060
8746
4301
4798
6633
8241
8786
48
1394
8042
9510
4403
3947
1759
5450
4540
2390
1718
60
4801
8140
653
2191
9648
775
7988
9943
9655
8433
7762
392
4942
7753
2827
3675
751
5529
1907
8424
8997
7875
9586
7228
89
4155
1496
1625
4726
5255
7559
7602
3173
8258
8617
8360
1668
1661
6106
4078
109
1517
9013
3162
1566
9548
9343
3171
1107
977
310
5125
679
1705
8538
3769
47
6441
1509
8534
7913
1895
5269
8379
9797
1240
4603
1329
4173
7146
8906
9904
7803
1124
3174
4330
7479
6439
5991
4524
4187
1346
5381
7402
8231
9034
2142
1915
9599
5316
4887
1152
9521
6502
4143
1311
5638
650
4206
1950
1040
485
4566
3739
3311
5911
4636
1469
6598
5434
8721
3835
6977
9800
6729
981
7111
4653
6437
6161
9261
8039
2768
3348
6110
8144
7757
9088
3026
8210
3617
5329
8096
7323
9332
621
7072
532
6222
4012
3704
7391
4734
6608
9953
9365
4736
6615
9817
5943
5872
1899
9352
7312
8249
3431
2283
5243
4455
1309
446
84
3792
5244
5941
142
4193
5874
8967
3440
8001
2684
5331
1239
7700
709
3486
8299
1618
569
5696
3678
4616
5198
4198
349
3252
7615
9515
260
6066
3375
3641
9133
385
4016
2063
9097
9123
4718
4674
1264
8917
6540
5285
9397
1959
2340
7819
878
4763
6158
129
6543
6761
363
5219
8050
984
4823
7822
4521
9738
9609
6930
9044
7474
8831
8276
9983
5412
9534
121
1796
2471
5456
3236
6840
564
5231
6924
5928
8719
3864
2891
2738
9667
8983
7596
4941
3723
7042
6017
5862
4509
360
9605
6539
9326
3855
578
3924
5365
6770
600
9911
6124
2780
6688
1474
2079
3515
1644
6570
3041
8756
180
4518
1798
9195
8052
8412
71
5001
2741
19
6676
4894
2520
3559
6355
8437
2043
2090
3633
2568
6696
4832
9649
6413
7881
5162
2457
7955
8325
2275
2712
97
460
12
6117
2974
3908
9539
2781
6418
2279
4857
7330
4480
6249
6756
1030
8537
5308
3124
7728
2388
5581
7455
7587
3632
8221
515
26
3454
2709
3320
8187
3526
7380
1826
6434
7313
1389
9028
758
1766
9621
5683
3478
1848
5809
4752
7977
9865
140
4925
9781
1610
2975
1428
6403
7233
3352
9487
6205
5681
8551
20
6200
1215
3316
1901
7133
8723
7772
7216
6805
5625
7818
4663
6550
8586
4969
1278
803
8976
6292
2194
5717
3832
4263
8053
8024
3819
5151
8492
8683
5988
9402
91
4972
7325
3125
228
4622
7419
7060
29
3954
5052
3533
4859
2253
9010
5041
3089
9893
2309
2798
3741
9452
3341
412
312
8929
2691
9002
2660
9754
9986
8518
2947
9153
2254
9614
8527
2997
4103
3016
2177
8423
4498
4869
5654
9281
8802
3720
9466
4139
7351
1711
2634
4886
7261
3808
4286
3894
736
2752
6871
8661
1838
1067
6932
3046
2983
496
306
7703
5043
1390
5513
6841
3499
1574
2771
8320
4359
3571
7026
3248
3061
9075
8940
5552
3805
513
873
2163
1960
7835
8343
5029
9965
2697
7080
4007
322
7612
181
4087
9766
3725
284
8645
2438
3208
9086
1628
3328
5060
8028
7075
8214
8635
1908
2121
1585
2051
9936
128
15
288
992
9454
2945
6368
8455
5191
4486
344
7415
9403
1342
8607
4902
5330
8796
2500
4877
7449
3287
8663
8703
6632
1701
3150
2713
2350
8818
7882
791
5777
2662
8430
3231
8416
5302
3595
7171
986
4953
2173
4358
7108
5287
6061
3636
444
3430
4682
1084
4897
1659
8479
4533
6542
1879
4507
3753
3450
4396
943
1158
6922
3442
4422
4933
5072
3870
6913
4460
3564
2048
6951
7672
3510
6889
297
1245
4747
6999
3655
9335
976
6586
8384
4781
4909
6830
8451
4655
1893
8461
6654
1274
3395
3434
5953
1530
2765
1318
2986
8565
5528
4737
5442
1589
2698
2927
7431
6842
4666
3904
5447
4268
2850
8652
2970
4833
6529
8643
2331
7478
5908
113
8400
2203
3219
5403
495
3217
5807
8532
2213
5059
2426
6521
1050
5118
402
7744
5105
8623
9505
7496
8342
40
7329
4458
4735
9828
1377
4342
9692
6978
8655
9186
7713
9699
7597
8530
4621
6641
4865
5435
2597
3261
1369
7378
5522
8370
5606
3502
5786
5328
6265
2894
6019
9861
7436
2284
7828
5307
5936
5066
7677
8074
6553
5535
891
266
8711
3708
1613
9528
8885
1134
5100
3794
6747
9879
637
3077
9777
45
2629
3529
7990
3980
4417
7035
2735
5109
9915
9065
2501
8943
5852
9638
763
3344
8945
8944
2078
8438
2136
6652
5142
742
6506
6116
5633
2183
9661
1807
2902
2074
9221
5222
7393
8244
7127
9864
1184
5854
2215
4099
1840
4986
4098
4984
2127
4029
9569
4157
8103
1819
4976
9238
7856