1925
180
2649
3928
3534
8
5484
2349
3943
4574
4187
5309
1464
3896
1801
3955
2596
2982
3207
1453
4786
1312
5698
2497
3355
4925
5832
654
5410
2177
2410
185
4586
3625
3083
1288
4919
5196
3847
1911
5301
2262
1378
4246
5807
3960
115
5633
2038
3655
2120
1451
5142
1211
5840
1696
4976
2409
3581
5725
5245
5165
3509
4162
3122
269
1615
3390
5108
1133
5774
2858
5053
4527
5350
3712
3765
224
5261
2272
1787
5693
4151
3986
3898
5478
2519
1118
3719
4660
2410
2393
1373
624
1229
1631
4123
1677
4450
2875
2057
3301
2729
5254
5411
263
5593
5552
1228
1911
4223
5088
2157
5518
2433
3822
1126
740
2061
1330
5980
3087
613
3784
3638
4457
1053
1387
1135
1179
1614
3491
4668
730
1185
5206
25
14
3294
4924
821
5855
3390
4781
1087
1824
4404
5052
3474
4107
1591
5898
902
2252
1138
2026
5374
2421
4213
2529
4745
1238
4844
4
1879
412
3268
2800
2864
4501
3116
2334
2542
1763
2729
675
3653
2831
3500
162
2608
2644
3747
5135
2160
1902
1437
169
4798
3730
3105
1439
46
3097
3139
4349
4400
1748
1496
278
3311
5605
792
5840
987
3481
3653
5262
3439
5862
3416
3926
4577
3159
5084
4027
2536
5013
5014
1127
1370
4844
2382
438
1418
4620
2783
3478
5121
3944
1108
1600
4720
3119
2731
1781
1398
219
976
1402
2740
2991
970
750
4858
5458
3100
4369
1138
3466
161
4242
437
1072
5809
1901
2654
5276
2761
278
5617
759
4285
5391
3406
626
1492
2510
5353
1669
5746
5358
4359
3162
899
4608
1073
5310
292
3525
5211
1431
5746
5156
449
5539
4016
481
4599
396
1864
4391
298
2812
1226
532
495
1053
2568
5566
3521
4127
2055
5392
1177
5607
54
3848
4380
1379
211
3928
3309
2092
5321
6000
3495
1480
1590
5844
2029
2897
843
5518
5118
5819
1057
2994
3612
1274
5692
2655
4581
4158
1360
1794
4033
1435
3729
4733
543
3903
1863
1162
5511
5899
2299
5727
5936
5893
5512
5917
2206
1809
2462
4123
308
1005
4066
4306
4909
5813
5091
487
658
390
2709
1338
1395
3145
235
212
5028
1745
1795
3459
1756
1948
1074
237
1187
365
194
529
679
3749
5003
3759
3400
5863
2413
3769
5419
2302
4450
164
2597
825
845
789
1871
3359
3433
1395
5716
4756
1085
4919
1383
1463
18
4379
696
5337
5827
5737
5674
5843
4923
3770
5611
2850
2448
1575
5327
4982
5697
2566
3473
5637
2376
3706
1390
5653
196
3594
5966
5578
489
4448
3448
5615
454
905
3645
2336
566
2211
4544
491
2938
3261
3109
4388
1288
4122
2372
3932
4247
5594
873
1262
2673
4129
4237
2602
4871
2891
4180
2543
5147
4315
2120
3421
2384
4632
2986
4862
5110
4896
1694
5465
2733
819
1294
1436
4442
1727
843
4509
5847
3288
413
5232
5615
30
824
2206
4284
4969
3885
3278
1922
5687
1709
1548
3576
3151
2950
4626
1715
898
4834
1535
11
5271
5259
1195
3012
1288
5071
769
5158
5470
111
2359
124
5652
2654
2906
4386
4936
3224
3864
1050
1979
117
3897
4520
203
76
4105
2035
3373
5066
90
2717
4419
2217
267
2906
969
3911
3762
445
1866
2933
5423
1993
5361
1087
4312
3093
3210
3233
3399
2826
4347
3240
5855
3022
4575
635
3021
5159
3583
3748
3792
2889
5682
872
4756
3418
3146
141
1312
3253
1467
2460
2739
3140
4049
2819
5544
5287
4881
4336
67
3944
432
1916
4592
5018
3906
3775
4000
44
4543
5702
5701
69
5687
5065
177
3651
4307
3648
2703
186
116
3990
3439
566
99
4051
942
3239
3324
5936
3987
5332
5645
313
1129
1702
3259
1835
1920
4393
2655
4131
1479
5731
2844
4090
1483
4449
1553
237
3155
3885
2567
2265
205
4392
2396
3544
5196
3989
4956
1356
4050
1202
3039
2993
3391
1015
5097
2062
1333
1838
1749
3338
1015
4148
4757
1909
3637
3031
382
267
2992
1953
1409
4197
4855
3994
5431
4660
1648
4611
1
2589
3657
4507
4317
5507
3413
460
5235
3270
1708
2547
638
770
1201
1055
475
902
1763
3074
4437
4056
858
8
2140
2092
5283
500
5271
2906
744
2011
1313
5201
3119
1338
3234
2025
1255
1141
2067
4636
4167
5043
2898
4507
155
4670
2043
4853
4056
1066
4175
299
3304
3135
3237
944
4898
4856
4657
878
2539
3383
2320
5445
2653
4859
1086
4195
2782
2767
1477
4339
5821
2444
1214
1230
722
1970
3771
2999
746
1808
4427
5975
2579
4965
3339
4529
2388
5623
2504
2819
4704
1559
4378
4969
2685
2720
2340
1753
3263
5907
1015
4674
2801
190
3251
5859
4411
3337
181
4880
5354
2478
5397
3058
2517
4012
5913
1866
4249
4711
5983
4182
5578
5839
1825
4753
2350
316
1083
1472
2786
1877
5897
5536
1228
3450
2993
4192
4068
3436
1701
428
2220
1441
4084
567
2462
379
2468
1017
2255
3888
2448
5530
4356
2370
2458
3481
5444
2186
1182
5512
2589
5126
3535
4063
2011
3647
2885
1548
1520
5972
2559
5803
1603
958
5191
2651
887
3571
296
1517
2297
350
5418
3403
1721
1997
5410
745
5299
2288
5278
3345
3998
4025
4075
1463
4448
5129
2164
5765
4314
534
2495
380
1330
5253
937
4815
3611
5012
3688
5965
3849
2771
3064
5187
4396
5048
4150
3013
1712
3649
3452
4511
4695
5672
4329
1123
1127
4298
5916
3037
3864
3210
2542
975
1665
5481
5038
4136
3288
47
5968
1022
234
86
1271
234
4995
5549
373
1747
1796
4130
3211
3199
3946
3727
610
3202
3743
3625
5086
980
2268
3215
3453
3283
162
2963
3460
207
1835
5753
2177
5029
1587
2144
579
1571
5927
3208
4635
4614
5807
1913
974
3183
5684
141
2068
4793
3508
3039
1041
5350
907
2349
46
1754
1344
2279
2237
5260
5358
3517
3868
2432
874
5535
4092
3936
2799
2998
2729
5139
258
3396
3108
5970
4476
623
3411
1308
1744
3640
2842
5953
4478
3615
4191
1381
3142
5778
2913
4299
919
3185
2012
5423
2427
5438
1793
4846
1619
3889
2085
5976
3288
5594
5591
3890
120
36
4096
2202
5433
2604
2838
421
935
2051
3470
4042
3616
5180
1034
4711
4039
5719
5371
3792
3402
5004
3090
4118
3817
2711
1967
4616
4896
895
3099
4732
983
3764
3128
1457
3745
1944
4350
2758
4636
2376
3297
978
1529
4270
1007
3403
730
3313
570
90
5060
3359
5772
3661
4480
4114
3681
2469
2136
4733
4408
2633
1567
3404
3876
4066
5973
1056
3682
2697
1077
854
4009
59
1248
203
1056
4212
5531
4259
5229
3481
4746
1529
4659
3752
5804
5983
815
3759
2188
3847
5384
2614
1949
1807
400
5589
1249
3145
1348
5061
1132
4336
2153
2245
1316
4284
1951
628
2752
17
854
1927
728
1429
2812
4129
1157
1663
3836
392
2825
5095
5122
4761
760
4381
2913
3659
4740
1913
5187
4937
3266
649
327
2662
4484
79
4433
4907
2595
4093
403
4328
3597
1333
1215
664
3312
3060
720
1307
2403
1481
2189
404
1911
862
225
5863
1318
3580
1731
5603
4597
4419
2877
2367
3452
4128
2492
3302
937
3086
5028
3987
1119
4461
4582
3001
4177
319
3351
1330
5399
3228
2994
332
3331
725
4335
5159
182
1750
862
4208
994
2738
2625
961
3171
5202
1762
899
5926
3230
1008
5225
3094
1058
5004
3702
5094
3722
3486
4652
4225
3702
4486
3351
284
748
5530
2625
5387
691
3234
5150
5693
2476
3274
3159
5438
4119
1520
5910
5759
3601
3570
1675
4205
5877
43
4908
4759
1149
1542
1952
40
3786
1825
3643
1397
1054
5807
5583
4628
1006
1886
1920
1331
5199
3531
1386
5097
902
3451
3988
1260
506
5848
2315
2143
4128
1451
3335
1512
29
4561
2321
4320
3379
2787
942
1150
1915
5044
1393
5059
127
5298
4579
2319
621
1701
5591
2335
5176
4152
1885
2189
4654
1491
605
5651
1777
3272
2469
5016
1382
2866
3607
1307
553
5707
1274
4867
5630
4815
5178
743
2902
4942
38
6
4309
233
4732
789
944
3168
4127
1301
4069
3814
4272
3773
859
1200
4940
5925
749
5756
4434
3206
5699
4175
3411
3119
1558
4851
3802
3027
5354
1798
5379
4537
5129
2775
5618
204
452
3025
1507
233
5546
3861
1757
211
2146
2610
2742
1445
331
4447
3161
1788
1340
3645
1951
540
5326
4320
1737
4255
5022
4535
4143
1516
235
5678
844
474
4662
2120
3044
2390
5307
5927
157
2421
814
1858
2633
2108
1956
5210
4536
3095
5355
564
635
4135
1605
5343
736
2439
5588
2170
363
3467
1787
4153
854
22
5774
5572
1438
613
674
5143
183
2325
3130
851
1246
1996
851
3078
2987
419
92
5884
2734
5141
934
1742
2820
301
2222
3614
3350
1722
5664
2914
991
3722
3124
3939
1941
3968
1620
5769
3189
4242
1314
4051
5523
2113
206
4040
2663
5877
1394
5313
3668
3103
5400
1223
852
4628
103
3264
1535
3436
2372
1583
1722
4852
5547
2671
2166
5761
4195
1756
3064
98
5977
2234
3018
5054
4257
4218
5722
186
5317
104
2645
1779
3536
1275
1572
3905
2266
3205
2709
2805
4484
3036
5027
3376
2196
542
5483
2780
4686
3841
4473
5810
4539
470
1664
502
1976
5546
5068
2307
5844
231
4199
1394
43
2910
3849
5924
5341
189
4747
2332
3277
5856
5126
3320
3460
5162
186
5445
277
3113
691
650
677
3012
3026
3174
1012
671
3268
5110
78
269
326
5136
5948
5038
4905
562
3360
3275
4293
3874
1149
1741
5534
4911
5997
2934
4627
823
5147
5801
3178
2801
4179
5007
3386
5684
1125
4861
253
4730
5208
3909
5136
3354
1151
2619
1208
3578
618
693
58
4698
5051
705
4632
5237
2496
1059
1259
1688
4802
4451
5540
5954
1850
1829
1611
2190
1955
4276
946
2977
5057
4764
4051
446
82
2297
248
374
5026
695
4775
1109
5422
2502
4147
5438
5034
1690
1358
1124
520
5646
1780
4578
3965
3718
1420
3336
1568
3835
2942
4489
99
508
2290
1662
5353
517
3008
5109
1351
5256
3253
4905
4413
4422
3024
1809
2039
5742
4137
5346
4905
3948
4485
5113
1436
448
5981
5636
2895
3425
4559
432
1415
2668
3088
4819
2272
972
2652
3127
2759
4012
2307
5869
2366
2684
548
330
1778
3158
818
1345
1881
131
1770
3490
3233
3357
2305
976
2788
4223
3550
85
5476
3778
3813
3256
5922
4539
1451
3760
4672
5022
5623
546
2207
2013
4122
4664
5002
3072
2367
1427
5318
571
2808
767
3291
4879
1922
650
3937
3354
2828
5998
3451
3997
3574
1902
4376
4908
5491
3455
3078
4672
4162
5261
3962
3400
4137
3085
5939
5405
1903
5933
4639
3531
3572
1627
459
861
184
5188
1655
439
840
4111
4625
1558
2559
3266
3441
4004
5429
1724
678
1664
4614
1591
3909
5649
2264
1374
82
4040
4662
2091
644
711
2624
1384
5861
883
993
1628
1744
3370
2840
1753
5257
1159
1707
5386
274
4649
1358
4613
3560
783
4913
4718
5505
1545
2031
5088
4331
4086
1041
3632
2333
5773
2753
2165
1174
5671
5263
2893
1450
352
300
4235
5972
4333
5652
4467
1532
2654
5151
4967
3897
3240
1752
4839
3898
623
2334
2792
2980
179
1061
2510
894
1328
663
2915
4339
1659
4612
3240
5883
3950
4614
1290
1634
1830
2624
726
1206
4766
3592
5069
3549
1843
3481
1255
3440
612
5831
1134
2511
1400
632
3014
4647
4304
3103
231
173
809
809
940
5680
4832
2933
1528
5186
1300
1373
3202
4428
3043
3922
4548
3105
3885
1017
1357
5668
3940
1988
4517
5058
5632
22
978
3562
5643
710
3130
4286
4210
2083
3417
1763
2088
2685
2386
5279
5921
3407
2347
1903
2568
4158
4130
1302
5068
5732
2112
2353
4503
4681
2411
58
3750
2609
5067
3845
412
2888
3841
4366
4255
303
1114
2965
1359
595
2558
825
4500
515
3704
125
5664
4956
1526
431
1214
3486
464
3316
1512
5625
1963
5662
3622
1830
2815
399
5694
5158
4149
2434
354
5976
2645
4273
106
5131
2995
5204
1102
4513
3341
5449
3175
2600
1293
2407
5300
2333
1055
3601
5097
5720
2086
746
3293
1817
4429
5954
2837
4473
369
1152
1676
1713
5913
2451
4992
1937
385
771
4369
4303
1583
984
5173
3759
4141
2947
1169
175
4603
4583
4847
2962
474
5282
5556
4416
4468
373
4693
3189
516
1977
5494
5199
809
1187
3791
3101
5519
2100
5042
4259
536
4570
3567
170
4537
652
3637
3112
3249
5264
2451
2347
5815
3968
3934
1081
1139
3266
4087
3861
1838
5308
1196
5665
2176
1674
1806
4335
4618
5831
3247
3087
5668
2781
2106
1050
937
1509
792
5151
4166
3296
1920
5401
4075
544
5852
1487
4650
2610
2745
141
5742
2442
3492
4946
5781
1003
3469
4490
1779
1143
229
5698
4924
5736
3796
5800
1389
1288
2370
581
1977
4095
2209
687
1559
330
4200
563
4506
1315
4325
5195
1753
1819
1781
5774
5327
4292
3203
5877
3218
3467
1368
4947
3126
910
199
1476
4360
1081
4334
4620
2558
1564
993
949
4432
337
20
2172
241
4913
416
4747
3935
3909
1685
1327
3309
1941
1421
80
2997
3585
5152
3432
4365
24
3926
4259
5844
3875
4300
4151
4974
3122
2663
3718
2430
1287
4018
4287
2261
4523
1107
2277
5171
2542
5433
1263
1831
3978
4962
5892
1044
2536
5679
3620
1256
1989
3696
2315
2529
4266
2509
2851
5633
4135
3546
4963
2687
5506
2916
5517
193
4172
3281
4988
3778
5208
3425
4033
846
4017
2242
4430
4349
3
2228
2510
3532
4146
4834
1995
5851
478
1775
2457
2070
5433
3251
1671
3111
474
846
4154
2649
5248
854
816
5123
4128
2687
4819
439
2113
2864
4560
3567
5373
4294
4413
3197
5663
3495
1152
1403
5149
4905
3722
3335
2231
2994
294
907
4078
1186
84
2067
1730
3107
1799
5373
1221
2060
3140
4561
589
445
4400
3111
3260
3144
3749
5681
4415
4870
4657
2139
2469
4955
4574
1062
4956
1450
5025
2829
1515
532
1930
2379
3276
5411
2527
2609
524
4359
477
1017
263
4634
3284
2660
2466
3409
3704
104
5284
3633
2155
5365
14
354
4978
179
4758
3328
619
2689
892
1797
143
1456
2961
3541
4191
5396
1218
4922
5322
3734
4146
489
3086
3918
5885
3430
5843
3274
1478
1120
3508
4177
2076
1652
4652
5624
1577
1969
4520
569
482
561
3804
5020
1737
4336
5491
1787
3910
3871
2619
5175
3189
725
3137
5151
4208
5784
3277
1765
1590
5756
1511
2363
457
3883
4495
231
167
1526
1047
4819
3434
5937
4776
1909
1998
1029
5919
1084
2610
4353
5681
4370
5018
4407
5301
2851
2305
3659
51
1125
1511
5072
1332
2353
1258
2678
3924
4331
3340
1449
5207
4825
1581
3332
945
4691
2542
1591
537
4486
2184
918
2663
5155
4824
4373
2207
4764
4275
1036
400
5688
3101
5749
1009
2310
1341
4251
5448
3140
5318
1316
989
1291
5597
2508
803
5097
3877
4223
5577
2167
1622
5981
815
2550
2921
34
2568
3438
1686
3867
2352
2693
5012
3309
4841
132
3857
2833
1803
4547
5268
2093
1373
1785
2957
129
4566
5004
2945
2642
1892
4140
3366
150
684
5696
3294
4685
131
5127
1731
4498
5609
2282
4535
1291
5044
1975
1526
332
351
2125
1623
2090
5611
4650
3378
3738
432
2252
2747
5842
1843
5856
2470
5168
34
4180
3570
720
5648
930
1013
5458
5363
363
3109
5193
1012
2675
2453
321
4572
4418
2720
3465
5273
1953
3003
563
971
4675
3985
2587
5026
988
4535
4108
122
1449
5728
3414
5025
748
4013
2372
2769
2430
1074
1886
4596
385
611
3392
1310
4623
2073
1499
1518
309
5642
439
730
3077
2644
5759
3526
4520
4298
5681
5297
4960
2507
334
1266
1566
4691
3032
4429
2855
2319
3833
2868
1233
4301
3497
5894
61
3777
5037
5307
5043
4752
1973
3927
2960
1011
5635
895
4284
3244
3716
1068
3171
5095
2140
2717
3061
4831
816
1736
2077
2885
4217
3016
4423
2933
1828
5654
4414
215
3350
697
4470
2780
2724
5604
3100
5531
5767
484
5322
3141
1000
4974
1853
13
3097
2268
471
5569
4559
3022
5574
1379
5585
2674
4579
1705
3747
4586
1856
4114
842
5709
5485
1178
558
1897
2128
5539
4530
242
3325
4285
1132
4665
105
343
4784
5072
1838
5352
569
5194
3499
1684
2935
1329
5866
4386
4906
1340
5582
5724
328
3481
2614
4165
394
5125
2977
1540
3296
531
4159
1475
2862
5210
162
5291
2933
310
4280
1916
1241
3301
1698
3368
5094
4688
1989
1187
5999
3573
3810
1294
188
1223
4341
5949
1516
189
4360
854
5621
3420
3747
2631
4534
993
5691
1389
555
3100
3589
475
711
5504
4541
3253
5559
2969
3044
4226
1973
5981
5533
5292
5981
5784
1681
3687
1334
962
5762
3691
2428
4396
188
5925
1958
1915
148
5792
2509
493
3873
1387
5870
3030
3125
1023
362
2722
5510
751
1676
4843
4808
2433
1327
1973
176
430
1699
2747
238
3047
1345
3638
3045
4129
4717
5364
2251
414
3900
3315
3874
3758
4051
1753
5703
4883
5994
2407
1800
2951
2559
3616
5098
4543
4225
1511
2163
3804
1421
4944
5357
2408
4383
2038
2664
5347
1468
255
2565
5235
5460
3180
3847
5537
2452
247
5201
5419
924
1585
4644
649
1449
145
2249
4910
677
4730
4394
5473
4548
797
5777
5044
5495
3391
3865
5771
1663
3415
3872
2623
401
4159
5304
1992
3662
494
5385
1031
4794
2073
5721
1060
5752
1567
57
1196
3639
2305
361
164
1122
4414
5872
2696
2893
1860
2850
680
3388
3158
4664
4871
5087
2307
5964
3294
2808
102
1070
2483
1936
5892
5944
4011
5380
5675
5615
5018
3706
2753
5188
1796
5054
1490
98
1585
3141
5169
5626
3881
3579
3579
5472
542
1422
4245
4245
3816
5002
4660
2210
4589
1076
1293
5076
5180
2813
5489
70
5659
1366
3502
2606
3424
4542
1312
4010
3775
1839
2188
5004
1126
1791
4994
2018
3698
990
464
3816
4242
1431
3259
5747
27
5740
1019
1923
4401
1787
4033
3954
4142
300
4328
2190
1549
4020
3865
5277
5331
530
5792
290
2872
3189
3518
4864
3751
2217
3603
27
2024
5295
5949
5628
1806
3493
3026
4079
678
977
3146
5165
2628
5654
2407
3478
3113
3233
1877
3869
3319
2770
211
5889
5574
1530
465
1662
3939
2613
4175
5625
1192
3699
5799
5947
4572
5295
2807
268
4514
2738
3159
2799
541
1766
3958
5471
4666
4217
2080
3822
1650
2536
1091
5638
2882
2811
1871
4660
3585
5822
4819
5424
2213
3748
4703
2087
1457
3690
5208
3136
2746
5918
2456
4208
1572
20
1078
5
5393
2452
5836
684
4928
5490
5440
5638
4242
4381
3806
4932
4306
5296
2379
3519
1672
2431
1909
5241
3066
1064
3892
2428
2081
1222
3229
2880
87
2739
5950
43
1137
3421
2290
929
2490
4488
2695
1521
5436
2331
3166
1901
4167
955
5899
3774
3303
741
4380
190
5457
1182
2732
3745
4305
1920
9
4866
2571
3223
394
2966
442
4125
1271
3119
130
3402
2461
2778
4915
4187
5408
4389
5165
2250
3889
1884
4556
4102
4171
854
4503
210
4125
5702
3921
3419
3509
2190
5295
2525
4218
1295
4844
3829
5208
1699
5527
966
82
4203
4532
328
1439
508
799
4648
2849
3471
1893
3417
213
2366
2315
2294
5165
2418
1700
4912
2482
2267
5217
3254
5427
635
2414
5996
6000
1686
4048
1476
2503
5042
625
4759
3668
1299
1789
3170
5978
3990
4261
1034
5424
176
5878
2327
3980
3470
5822
5011
3815
2067
695
1667
4738
3722
3067
4498
4415
5301
1738
3559
3354
1004
1009
3401
5288
3578
841
4761
425
3773
433
3745
2080
3627
65
2965
914
1568
5532
4452
5236
3117
809
123
2712
4168
50
3595
3636
4192
2839
4635
2967
709
4362
3661
160
5992
5648
1735
3348
5409
901
3466
4702
5288
489
3276
1343
5037
1599
2609
2962
4904
5853
3292
5486
885
4953
5150
2804
4853
2081
3047
4916
4699
2478
5458
5266
2995
4351
2380
5581
281
1931
2060
784
1656
1632
5439
644
687
5776
2585
4999
4556
1621
3480
1171
965
4181
2517
1172
3334
5219
303
2805
3081
3031
418
80
1438
1638
740
818
501
25
5447
459
1707
1921
2192
666
194
1589
4468
412
1071
2341
3643
3492
2675
51
3050
3721
5662
2321
662
4351
5431
1162
2362
2822
3443
2261
4400
5640
1920
735
4876
2937
1160
3843
5341
651
3164
5676
4595
5217
5889
4634
1228
2732
5112
2351
1463
1039
3324
5530
2149
1034
1932
2828
4682
4907
3271
125
1731
1624
2726
3855
5680
2977
5679
1695
809
1851
5240
1668
5323
1365
3317
1665
2359
4422
3291
2051
259
3999
5251
5629
4841
5022
5253
4616
588
5183
3343
4157
1676
4847
4775
1344
4167
3261
5161
624
4663
5195
1942
3878
739
5357
448
1419
1838
2616
1161
2895
5128
4358
4188
4083
2362
960
2188
5236
860
4326
3920
3175
1315
2343
2246
1269
1777
3148
4342
5125
1158
144
3675
5648
2876
4923
261
5424
3112
1585
3013
4504
2435
1218
4862
3205
1590
2513
3094
59
209
5418
5982
4331
538
2604
4431
1477
1839
3408
5529
3592
5198
934
3745
1410
2387
546
3200
4898
2030
1579
3534
2232
2904
1937
3362
4126
5514
4188
1328
1768
100
395
2620
3798
4753
4928
4630
3475
5537
2357
671
3868
5675
2949
3457
3090
2151
3834
4625
1636
1849
4479
5534
1199
2207
321
4143
5070
3006
3159
5537
5391
143
5453
2006
588
2246
46
3401
5320
3404
718
5623
3005
213
1107
685
961
4293
3749
4381
324
150
1887
3823
2408
2307
4670
53
3023
5096
2579
280
4830
2579
1186
1327
1273
2582
1619
4501
4994
5404
5768
1943
5575
5492
1946
5629
5488
3659
4073
4244
2735
5705
3877
1226
1287
1333
5527
131
1931
65
5164
5863
1057
4142
5509
4310
5426
1452
2563
3032
5889
4985
5977
33
2093
2892
3457
4153
2872
4564
76
292
4252
206
5572
2653
1962
4648
169
3507
4203
238
4877
1422
3981
416
5216
273
2230
2650
981
3105
3421
5676
1840
979
2971
2775
1734
151
858
3472
1759
5113
4980
327
1853
5629
2672
5116
5890
4224
4017
4883
3980
1377
1630
883
1629
1311
3810
3750
4695
5240
3835
3554
2046
4917
5917
963
2981
1177
3059
470
5728
5981
2908
4747
64
1767
3087
4993
3145
4563
1363
5023
3475
5649
2438
5072
5186
3883
529
3511
4232
5439
2415
2417
4441
3152
1767
3358
4955
4383
2809
2051
1394
4948
5188
3208
4789
5946
5247
1019
1223
5574
2470
3301
3223
3986
5886
444
3493
3179
3713
951
3049
5216
2823
109
2365
2150
2874
5202
280
2219
3049
5492
629
5196
3481
1981
1541
684
4732
5925
4450
90
345
2960
3897
4876
963
2443
4482
4431
4059
4824
3188
4924
1689
3873
1300
5960
5465
1093
437
636
4124
2115
4167
4048
5782
1299
543
4191
3665
1933
1471
1841
4301
1716
816
1022
3990
2084
276
2219
5130
2683
2169
1930
5890
2112
4839
1197
2451
5117
1724
1002
2386
1537
2218
308
1179
5014
490
695
807
1697
134
2755
3568
3950
4922
5224
4321
5995
1635
1130
5563
3080
5687
1760
1440
4042
4653
2626
4045
2648
5702
4340
636
5544
3391
2129
496
4283
218
4675
272
1630
1567
4865
257
1947
1004
3015
2855
3801
4319
3549
4527
3992
1763
629
2525
2017
75
2144
4662
5522
4909
5226
2172
932
5675
1330
3812
5670
3465
4917
4677
5939
5710
801
237
5463
3370
2555
4281
1773
421
1987
197
979
3737
2347
4136
4080
826
5776
3653
1318
5851
3628
2494
1304
106
4964
850
5330
2658
1507
4077
1596
3579
2728
1277
21
3202
4497
2766
2035
1498
740
2372
1404
3181
2703
5296
5076
2117
5596
5845
2324
3225
3733
5557
5772
3454
2397
76
751
4076
5838
1842
4767
3642
390
246
1435
1722
4017
5869
5124
4067
5184
5599
1701
1641
1293
4808
1126
4610
5571
3742
3808
3970
487
2325
5821
750
2903
5204
4667
309
483
5930
2527
5330
1301
3958
4364
1055
5150
3156
3815
1164
4994
745
958
2501
77
1964
4069
3025
567
4031
3353
102
3113
2723
4711
3040
4631
567
5070
3155
4801
373
5456
4733
631
5735
651
3547
82
3823
248
3101
3358
2203
5054
2570
4363
838
3972
4654
1108
466
3454
5954
1358
3948
5710
5886
20
5145
5295
2849
2725
126
4622
1973
3119
2856
4372
3054
5962
50
715
102
1990
2209
2869
644
443
5107
3813
2401
4591
4040
4090
628
5822
3290
2274
4037
5524
3680
4360
4071
2684
2655
4182
4266
4040
2798
2896
2229
4932
5565
3278
3570
2625
1351
2802
3554
1029
1347
5059
5409
3434
2010
4307
735
2162
3797
5495
3297
4927
4253
2183
3045
244
1292
448
4015
3040
1815
4432
4183
668
1614
257
1362
1388
31
3597
3146
4621
110
5115
1373
1297
3444
4575
1345
4998
880
3406
515
3700
211
443
4838
114
2
1565
5560
5009
489
2388
168
1404
3719
1761
501
2735
2550
1761
679
5297
1071
40
4439
4784
4420
5894
2556
59
516
2612
1976
1822
3575
318
2811
1379
146
2392
2286
4212
4460
1107
3028
5065
1149
3358
4965
477
1983
240
947
576
5651
5591
1972
4039
2524
5669
1679
974
3141
962
2566
4784
1023
5485
5393
886
1233
4585
917
4680
5272
124
5074
3496
703
551
4757
2345
4290
5636
4113
913
5547
3480
838
1018
2516
3330
1749
4342
876
2377
5545
3637
587
5519
5656
1219
182
1847
2807
3519
4844
5628
2344
1382
1149
3295
601
3090
1529
1559
749
496
4860
5702
1201
2380
5495
4296
3274
4726
5408
4419
405
752
5393
4438
4710
3231
2916
548
4541
2724
3437
309
4919
2637
3031
1207
2484
274
4171
2914
1615
2700
773
5243
5584
5076
2318
1033
2353
2051
1993
3117
4924
4329
4431
1127
2503
3554
2613
2612
2006
2395
3937
4151
4119
3111
1375
1023
1759
4212
4407
4943
78
3524
909
4523
5661
11
105
1747
5115
693
4942
4429
1832
4759
1725
3651
2071
786
4039
4665
2633
1481
1366
4785
3731
3251
5147
5860
1734
5754
3590
866
1857
1145
2177
3690
5770
5259
5716
3682
2098
5526
2607
2899
1958
798
609
4170
505
1283
5787
3742
2186
160
533
4977
5478
1240
3979
607
4134
2930
2769
1669
713
1772
833
3173
4654
3948
1153
99
5745
1795
5723
1204
4208
1190
1839
5329
948
1292
2632
1645
4276
5866
3701
3185
2018
657
3363
3891
2898
1060
4557
19
5680
1757
5488
462
5039
3500
3084
5064
825
2249
4533
1712
5749
3752
2224
2791
4098
1516
3385
479
5270
1725
5129
5936
5120
4614
2009
1580
3457
4916
4929
4205
687
516
5817
4755
4359
3318
2297
4820
1625
3493
1824
1951
3525
5626
4433
4419
1183
1864
5537
1427
2270
5014
1915
689
3970
573
4725
3226
4569
73
855
380
4229
2198
1282
1427
5749
1130
1042
2793
2785
975
622
1710
801
5865
3452
5999
4964
5830
5057
3584
3660
4319
4347
2763
737
5502
2553
1396
3617
3353
3731
1524
3420
109
3931
5019
4096
4963
5170
5615
4854
699
5316
5374
1328
3036
624
4045
1200
5452
2557
3774
186
4739
3951
4645
1113
3717
3888
2195
5865
3977
4168
4873
557
3238
2589
4943
3780
5612
618
5429
5440
2623
4642
1189
900
3964
2461
3233
4143
3766
2535
4052
1826
3889
2435
834
5148
2942
4350
5756
1619
5844
1342
5662
1561
3146
1999
3157
2155
1956
1264
1155
5058
2722
5084
2900
2552
4063
3527
5454
2912
287
1125
5851
1105
1191
4969
2682
5888
2701
4967
1081
4244
2058
2910
513
96
5185
5621
1950
1304
1674
2182
51
2235
2475
3389
776
1672
2500
3908
235
3340
2578
2999
2825
5286
5518
1657
3526
2487
3982
457
3812
5007
3988
4658
55
3548
1187
2472
4131
2803
3806
1114
1268
4993
4384
663
3815
5201
212
3609
1371
1259
3840
1459
5932
3831
1272
777
4689
968
1822
5464
1010
4153
4436
5731
1105
1046
1254
519
1929
2514
4382
3285
958
1794
2075
4007
558
3525
5804
3856
5876
5996
1207
3383
5413
4185
4135
2324
3614
57
1674
3339
5583
5537
203
1732
334
5262
564
503
4814
1890
1103
2682
1634
419
5839
355
4010
2234
2247
409
368
3028
4420
3464
2546
1962
5818
3019
2101
1691
1322
4774
1645
2190
2788
5254
5486
1662
5096
3561
1290
1237
2216
2969
1969
2202
1413
4493
2361
4367
5688
3078
943
1481
1084
3860
101
3782
2692
4935
812
1066
4766
2266
4152
1782
4532
763
3866
555
1743
655
3219
1818
583
5456
1138
4225
1500
4173
5155
695
2448
2497
5915
1454
1643
1847
2906
5397
4305
4528
2302
5573
5188
3532
5683
1906
4902
4854
4553
2291
1146
5707
5022
2635
1540
3355
573
3854
5191
2339
4430
5122
4521
308
4515
2640
3952
5074
3328
1856
2841
1315
1344
5898
5945
4285
1895
404
4217
1395
460
418
4248
1522
3237
1131
5327
495
4833
5549
3603
19
367
3647
3766
3961
5023
2457
177
3298
508